4
1
2
1
3
3
1
2
4
5
6
7
8
3
8
6
9
8
5
8
1
5
10
3
9
4
1
5
8
8
10
9
3
6
3
6
11
7
8
6
8
2
3
10
10
9
1
3
3
3
1
4
6
8
6
3
8
4
5
5
9
5
8
2
7
4
1
4
4
7
1
1
1
9
9
7
7
2
12
10
7
4
8
10
3
9
3
4
10
1
1
1
3
10
8
9
4
1
6
1
9
6
3
6
3
5
6
1
1
6
5
4
3
8
1
1
4
4
7
1
2
4
3
7
5
10
3
9
8
4
9
7
9
4
4
3
5
3
9
10
6
3
6
1
9
9
2
3
3
3
5
10
12
9
8
1
1
10
5
3
6
9
8
6
2
3
9
7
4
4
8
12
6
6
3
9
7
5
10
3
10
9
8
1
5
4
9
3
10
3
12
4
8
9
2
12
5
9
6
5
12
6
3
2
9
7
3
6
2
3
7
7
4
2
1
5
8
10
9
7
3
4
7
1
3
2
9
8
6
6
9
4
9
8
12
4
5
10
2
12
6
12
3
10
10
2
4
10
10
4
2
8
4
2
6
3
7
8
7
1
7
0
8
10
10
3
9
12
1
2
12
12
9
5
5
9
8
3
2
10
10
7
12
9
1
1
8
4
6
7
5
6
5
5
6
2
10
8
2
12
