%%MatrixMarket matrix coordinate integer general
198 198 2742
1 2 1
1 3 1
1 4 1
1 5 1
1 6 1
1 7 1
1 8 1
1 9 1
1 10 1
1 11 1
1 12 1
1 13 1
1 14 1
1 15 1
1 16 1
1 17 1
1 18 1
1 19 1
1 20 1
1 21 1
1 22 1
1 23 1
1 24 1
2 4 1
2 5 1
2 6 1
2 7 1
2 9 1
2 10 1
2 11 1
2 13 1
2 18 1
2 20 1
2 21 1
2 22 1
2 30 1
2 31 1
2 33 1
2 34 1
2 35 1
2 37 1
2 40 1
2 41 1
2 43 1
2 48 1
2 49 1
2 62 1
2 63 1
2 72 1
2 74 1
2 78 1
2 87 1
2 89 1
2 91 1
2 92 1
2 93 1
2 94 1
2 96 1
2 98 1
2 99 1
2 104 1
2 113 1
2 114 1
2 115 1
3 4 1
3 5 1
3 6 1
3 7 1
3 10 1
3 11 1
3 12 1
3 13 1
3 14 1
3 16 1
3 17 1
3 19 1
3 21 1
3 22 1
3 24 1
3 25 1
3 26 1
3 29 1
3 30 1
3 31 1
3 32 1
3 36 1
3 42 1
3 45 1
3 46 1
3 65 1
3 66 1
3 69 1
3 70 1
3 72 1
3 75 1
3 76 1
3 77 1
3 94 1
3 101 1
3 102 1
3 105 1
3 106 1
3 107 1
4 5 1
4 6 1
4 7 1
4 10 1
4 11 1
4 12 1
4 13 1
4 14 1
4 16 1
4 17 1
4 19 1
4 21 1
4 22 1
4 26 1
4 30 1
4 31 1
4 37 1
4 38 1
4 40 1
4 41 1
4 42 1
4 43 1
4 44 1
4 45 1
4 46 1
4 47 1
4 48 1
4 49 1
4 50 1
4 51 1
4 52 1
4 53 1
4 54 1
4 55 1
4 56 1
4 57 1
4 58 1
4 74 1
4 91 1
4 93 1
4 104 1
4 113 1
4 114 1
5 6 1
5 7 1
5 10 1
5 11 1
5 12 1
5 13 1
5 14 1
5 16 1
5 17 1
5 18 1
5 19 1
5 21 1
5 22 1
5 24 1
5 26 1
5 27 1
5 28 1
5 30 1
5 31 1
5 37 1
5 38 1
5 40 1
5 41 1
5 42 1
5 43 1
5 44 1
5 45 1
5 46 1
5 47 1
5 48 1
5 49 1
5 50 1
5 51 1
5 52 1
5 53 1
5 54 1
5 55 1
5 56 1
5 57 1
5 58 1
5 59 1
5 60 1
5 61 1
5 74 1
5 83 1
5 91 1
5 93 1
5 101 1
5 102 1
5 104 1
5 113 1
5 114 1
5 116 1
5 117 1
5 118 1
5 119 1
6 7 1
6 10 1
6 11 1
6 12 1
6 13 1
6 14 1
6 16 1
6 17 1
6 18 1
6 19 1
6 21 1
6 22 1
6 24 1
6 26 1
6 30 1
6 31 1
6 37 1
6 38 1
6 40 1
6 41 1
6 42 1
6 43 1
6 44 1
6 45 1
6 46 1
6 47 1
6 48 1
6 49 1
6 50 1
6 51 1
6 52 1
6 53 1
6 54 1
6 55 1
6 56 1
6 57 1
6 58 1
6 74 1
6 91 1
6 93 1
6 104 1
6 113 1
6 114 1
6 116 1
7 10 1
7 11 1
7 12 1
7 13 1
7 14 1
7 16 1
7 17 1
7 19 1
7 21 1
7 22 1
7 26 1
7 30 1
7 31 1
7 37 1
7 38 1
7 40 1
7 41 1
7 42 1
7 43 1
7 44 1
7 45 1
7 46 1
7 47 1
7 48 1
7 49 1
7 50 1
7 51 1
7 52 1
7 53 1
7 54 1
7 55 1
7 56 1
7 57 1
7 58 1
7 59 1
7 60 1
7 61 1
7 74 1
7 91 1
7 93 1
7 104 1
7 113 1
7 114 1
8 9 1
8 10 1
8 14 1
8 16 1
8 17 1
8 18 1
8 19 1
8 23 1
8 24 1
8 64 1
8 73 1
8 74 1
8 87 1
8 94 1
8 95 1
8 103 1
8 104 1
8 108 1
8 109 1
8 110 1
8 113 1
8 115 1
9 10 1
9 14 1
9 15 1
9 16 1
9 17 1
9 18 1
9 19 1
9 20 1
9 21 1
9 23 1
9 24 1
9 33 1
9 34 1
9 35 1
9 36 1
9 37 1
9 38 1
10 11 1
10 13 1
10 14 1
10 16 1
10 17 1
10 18 1
10 19 1
10 22 1
10 23 1
10 24 1
10 26 1
10 30 1
10 31 1
10 37 1
10 38 1
10 40 1
10 41 1
10 42 1
10 43 1
10 44 1
10 45 1
10 46 1
10 47 1
10 48 1
10 49 1
10 50 1
10 51 1
10 52 1
10 53 1
10 54 1
10 55 1
10 56 1
10 57 1
10 58 1
10 65 1
10 70 1
10 74 1
10 75 1
10 76 1
10 77 1
10 91 1
10 93 1
10 94 1
10 101 1
10 102 1
10 104 1
10 105 1
10 106 1
10 107 1
10 113 1
10 114 1
11 12 1
11 13 1
11 14 1
11 16 1
11 17 1
11 19 1
11 21 1
11 22 1
11 26 1
11 30 1
11 31 1
11 37 1
11 38 1
11 40 1
11 41 1
11 42 1
11 43 1
11 44 1
11 45 1
11 46 1
11 47 1
11 48 1
11 49 1
11 50 1
11 51 1
11 52 1
11 53 1
11 54 1
11 55 1
11 56 1
11 57 1
11 58 1
11 62 1
11 63 1
11 64 1
11 72 1
11 74 1
11 81 1
11 83 1
11 89 1
11 91 1
11 92 1
11 93 1
11 99 1
11 104 1
11 113 1
11 114 1
11 120 1
12 13 1
12 14 1
12 16 1
12 17 1
12 19 1
12 21 1
12 22 1
12 25 1
12 26 1
12 27 1
12 28 1
12 29 1
12 30 1
12 31 1
13 14 1
13 16 1
13 17 1
13 18 1
13 19 1
13 21 1
13 22 1
13 25 1
13 26 1
13 27 1
13 28 1
13 29 1
13 30 1
13 31 1
13 37 1
13 38 1
13 40 1
13 41 1
13 42 1
13 43 1
13 44 1
13 45 1
13 46 1
13 47 1
13 48 1
13 49 1
13 50 1
13 51 1
13 52 1
13 53 1
13 54 1
13 55 1
13 56 1
13 57 1
13 58 1
13 59 1
13 60 1
13 61 1
13 62 1
13 63 1
13 64 1
13 65 1
13 69 1
13 70 1
13 72 1
13 74 1
13 75 1
13 76 1
13 77 1
13 81 1
13 83 1
13 89 1
13 91 1
13 92 1
13 93 1
13 94 1
13 99 1
13 101 1
13 102 1
13 104 1
13 105 1
13 106 1
13 107 1
13 113 1
13 114 1
14 16 1
14 17 1
14 18 1
14 19 1
14 21 1
14 22 1
14 23 1
14 24 1
14 26 1
14 37 1
14 38 1
14 42 1
14 43 1
14 44 1
14 45 1
14 46 1
14 47 1
14 48 1
14 49 1
14 50 1
14 51 1
14 52 1
14 53 1
14 54 1
14 55 1
14 56 1
14 57 1
14 58 1
14 59 1
14 60 1
14 61 1
15 20 1
15 21 1
15 45 1
15 78 1
15 104 1
15 115 1
15 121 1
15 122 1
16 17 1
16 18 1
16 19 1
16 21 1
16 22 1
16 23 1
16 24 1
16 26 1
16 27 1
16 28 1
16 29 1
16 31 1
16 32 1
16 36 1
16 37 1
16 38 1
16 39 1
16 42 1
16 43 1
16 44 1
16 45 1
16 46 1
16 47 1
16 48 1
16 49 1
16 50 1
16 51 1
16 52 1
16 53 1
16 54 1
16 55 1
16 56 1
16 57 1
16 58 1
16 59 1
16 60 1
16 61 1
16 62 1
16 65 1
16 70 1
16 72 1
16 75 1
16 76 1
16 77 1
16 78 1
16 79 1
16 86 1
16 91 1
16 94 1
16 101 1
16 102 1
16 104 1
16 105 1
16 106 1
16 107 1
16 109 1
16 111 1
16 123 1
16 124 1
16 125 1
16 126 1
17 18 1
17 19 1
17 21 1
17 22 1
17 23 1
17 24 1
17 25 1
17 26 1
17 29 1
17 30 1
17 31 1
17 42 1
17 45 1
17 52 1
17 59 1
17 60 1
17 61 1
17 65 1
17 66 1
17 69 1
17 70 1
17 72 1
17 75 1
17 76 1
17 77 1
17 94 1
17 101 1
17 102 1
17 105 1
17 106 1
17 107 1
18 19 1
18 20 1
18 21 1
18 22 1
18 23 1
18 24 1
18 30 1
18 31 1
18 32 1
18 33 1
18 34 1
18 35 1
18 36 1
18 37 1
18 38 1
18 39 1
18 40 1
18 41 1
19 21 1
19 22 1
19 23 1
19 24 1
19 26 1
19 37 1
19 38 1
19 42 1
19 43 1
19 44 1
19 45 1
19 46 1
19 47 1
19 48 1
19 49 1
19 50 1
19 51 1
19 52 1
19 53 1
19 54 1
19 55 1
19 56 1
19 57 1
19 58 1
19 59 1
19 60 1
19 61 1
20 21 1
20 31 1
20 41 1
20 48 1
20 49 1
20 62 1
20 63 1
21 22 1
21 48 1
21 49 1
21 62 1
21 63 1
22 24 1
22 25 1
22 26 1
22 27 1
22 28 1
22 29 1
22 30 1
22 31 1
22 32 1
22 36 1
22 37 1
22 38 1
22 39 1
22 42 1
22 44 1
22 45 1
22 46 1
22 47 1
22 48 1
22 49 1
22 50 1
22 51 1
22 52 1
22 53 1
22 54 1
22 55 1
22 56 1
22 57 1
22 58 1
22 59 1
22 60 1
22 61 1
22 62 1
22 63 1
22 64 1
22 65 1
22 66 1
22 67 1
22 68 1
22 69 1
22 70 1
22 71 1
22 72 1
22 73 1
22 74 1
22 75 1
22 76 1
22 77 1
22 78 1
22 79 1
22 80 1
22 81 1
22 82 1
22 83 1
22 84 1
22 85 1
22 86 1
22 87 1
22 88 1
22 89 1
22 90 1
22 91 1
22 92 1
22 93 1
22 94 1
22 95 1
22 96 1
22 97 1
22 98 1
22 99 1
22 100 1
22 101 1
22 102 1
22 103 1
22 104 1
22 105 1
22 106 1
22 107 1
22 108 1
23 24 1
23 64 1
23 73 1
23 74 1
23 87 1
23 94 1
23 95 1
23 103 1
23 108 1
23 109 1
23 110 1
24 30 1
24 31 1
24 32 1
24 34 1
24 36 1
24 39 1
24 40 1
24 41 1
24 46 1
24 72 1
24 111 1
24 112 1
25 27 1
25 28 1
25 29 1
25 30 1
25 31 1
25 66 1
25 69 1
25 72 1
25 90 1
25 92 1
25 104 1
25 133 1
26 30 1
26 31 1
26 37 1
26 38 1
26 41 1
26 42 1
26 43 1
26 44 1
26 45 1
26 46 1
26 47 1
26 48 1
26 49 1
26 50 1
26 51 1
26 52 1
26 53 1
26 54 1
26 55 1
26 56 1
26 57 1
26 58 1
26 62 1
26 83 1
26 101 1
26 102 1
26 118 1
26 119 1
26 120 1
27 28 1
27 29 1
27 30 1
27 31 1
27 40 1
27 42 1
27 43 1
27 63 1
27 65 1
27 67 1
27 70 1
27 75 1
27 76 1
27 77 1
27 91 1
27 97 1
27 101 1
27 102 1
27 104 1
27 105 1
27 106 1
27 107 1
27 109 1
27 111 1
27 116 1
27 117 1
27 118 1
27 122 1
27 123 1
27 124 1
27 125 1
27 126 1
27 131 1
27 178 1
27 190 1
28 29 1
28 30 1
28 31 1
28 40 1
28 42 1
28 63 1
28 65 1
28 70 1
28 72 1
28 75 1
28 76 1
28 77 1
28 90 1
28 92 1
28 97 1
28 101 1
28 102 1
28 104 1
28 105 1
28 106 1
28 107 1
28 109 1
28 111 1
28 116 1
28 117 1
28 118 1
28 123 1
28 124 1
28 125 1
28 126 1
28 131 1
28 190 1
29 30 1
29 31 1
29 64 1
29 65 1
29 66 1
29 69 1
29 72 1
29 73 1
29 74 1
29 77 1
29 87 1
29 90 1
29 92 1
29 97 1
29 101 1
29 102 1
29 104 1
29 118 1
29 128 1
29 130 1
29 133 1
29 178 1
30 31 1
30 37 1
30 40 1
30 41 1
30 43 1
30 66 1
30 69 1
30 72 1
30 74 1
30 76 1
30 83 1
30 86 1
30 91 1
30 93 1
30 96 1
30 97 1
30 101 1
30 102 1
30 104 1
30 113 1
30 114 1
30 115 1
30 116 1
30 118 1
30 119 1
30 133 1
30 150 1
30 154 1
30 155 1
30 159 1
30 162 1
30 177 1
30 178 1
31 37 1
31 39 1
31 40 1
31 41 1
31 42 1
31 43 1
31 56 1
31 57 1
31 63 1
31 64 1
31 65 1
31 66 1
31 67 1
31 68 1
31 69 1
31 70 1
31 71 1
31 72 1
31 73 1
31 74 1
31 75 1
31 76 1
31 77 1
31 81 1
31 83 1
31 87 1
31 88 1
31 90 1
31 91 1
31 92 1
31 93 1
31 94 1
31 97 1
31 101 1
31 102 1
31 104 1
31 105 1
31 106 1
31 111 1
31 112 1
31 113 1
31 114 1
31 115 1
31 116 1
31 117 1
31 118 1
31 119 1
31 122 1
31 128 1
31 130 1
31 131 1
31 132 1
31 133 1
31 136 1
31 137 1
31 150 1
31 153 1
31 154 1
31 155 1
31 156 1
31 157 1
31 159 1
31 160 1
31 161 1
31 162 1
31 163 1
31 164 1
31 168 1
31 171 1
31 177 1
31 178 1
31 179 1
31 181 1
31 183 1
31 184 1
31 186 1
31 189 1
31 190 1
32 36 1
32 39 1
32 44 1
32 45 1
32 46 1
32 79 1
32 120 1
32 123 1
32 145 1
32 146 1
32 176 1
32 185 1
32 186 1
32 187 1
33 34 1
33 35 1
33 36 1
33 37 1
33 38 1
34 35 1
34 36 1
34 37 1
34 38 1
35 36 1
35 37 1
35 38 1
36 37 1
36 38 1
36 44 1
36 45 1
36 46 1
36 50 1
36 51 1
36 52 1
36 54 1
36 120 1
36 121 1
36 124 1
36 185 1
36 196 1
37 38 1
37 40 1
37 41 1
37 42 1
37 43 1
37 44 1
37 45 1
37 46 1
37 47 1
37 48 1
37 49 1
37 50 1
37 51 1
37 52 1
37 53 1
37 54 1
37 55 1
37 56 1
37 57 1
37 58 1
37 74 1
37 91 1
37 93 1
37 104 1
37 113 1
37 114 1
37 185 1
38 42 1
38 44 1
38 45 1
38 46 1
38 47 1
38 48 1
38 49 1
38 50 1
38 51 1
38 52 1
38 53 1
38 54 1
38 55 1
38 56 1
38 57 1
38 58 1
38 61 1
38 112 1
38 186 1
39 72 1
39 88 1
39 102 1
39 110 1
39 111 1
40 41 1
40 42 1
40 43 1
40 72 1
40 74 1
40 91 1
40 93 1
40 104 1
40 113 1
40 114 1
40 116 1
40 117 1
40 118 1
40 186 1
41 43 1
41 57 1
41 63 1
41 74 1
41 91 1
41 93 1
41 104 1
41 113 1
41 114 1
42 44 1
42 45 1
42 46 1
42 47 1
42 48 1
42 49 1
42 50 1
42 51 1
42 52 1
42 53 1
42 54 1
42 55 1
42 56 1
42 57 1
42 58 1
42 65 1
42 70 1
42 75 1
42 76 1
42 77 1
42 94 1
42 101 1
42 102 1
42 105 1
42 106 1
42 107 1
42 109 1
42 111 1
42 116 1
42 117 1
42 118 1
42 123 1
42 124 1
42 125 1
42 126 1
43 55 1
43 56 1
43 57 1
43 58 1
43 63 1
43 67 1
43 72 1
43 74 1
43 76 1
43 78 1
43 80 1
43 82 1
43 86 1
43 87 1
43 89 1
43 91 1
43 92 1
43 93 1
43 94 1
43 96 1
43 98 1
43 99 1
43 102 1
43 104 1
43 107 1
43 113 1
43 114 1
43 115 1
43 122 1
43 190 1
44 45 1
44 46 1
44 47 1
44 48 1
44 49 1
44 50 1
44 51 1
44 52 1
44 53 1
44 54 1
44 55 1
44 56 1
44 57 1
44 58 1
44 79 1
44 82 1
44 100 1
44 107 1
44 120 1
44 123 1
44 176 1
44 185 1
44 186 1
44 187 1
45 46 1
45 47 1
45 48 1
45 49 1
45 50 1
45 51 1
45 52 1
45 53 1
45 54 1
45 55 1
45 56 1
45 57 1
45 58 1
45 59 1
45 60 1
45 61 1
45 78 1
45 79 1
45 104 1
45 115 1
45 120 1
45 121 1
45 122 1
45 123 1
45 124 1
45 176 1
45 185 1
45 186 1
45 187 1
45 196 1
46 47 1
46 48 1
46 49 1
46 50 1
46 51 1
46 52 1
46 53 1
46 54 1
46 55 1
46 56 1
46 57 1
46 58 1
46 62 1
46 63 1
46 79 1
46 120 1
46 121 1
46 123 1
46 124 1
46 125 1
46 176 1
46 185 1
46 186 1
46 187 1
46 196 1
47 48 1
47 49 1
47 50 1
47 51 1
47 52 1
47 53 1
47 54 1
47 55 1
47 56 1
47 57 1
47 58 1
47 189 1
48 49 1
48 50 1
48 51 1
48 52 1
48 53 1
48 54 1
48 55 1
48 56 1
48 57 1
48 58 1
48 61 1
48 62 1
48 63 1
48 82 1
48 100 1
48 107 1
48 112 1
49 50 1
49 51 1
49 52 1
49 53 1
49 54 1
49 55 1
49 56 1
49 57 1
49 58 1
49 61 1
49 62 1
49 63 1
49 82 1
49 100 1
49 107 1
49 112 1
49 186 1
50 51 1
50 52 1
50 53 1
50 54 1
50 55 1
50 56 1
50 57 1
50 58 1
50 121 1
50 124 1
50 185 1
50 196 1
51 52 1
51 53 1
51 54 1
51 55 1
51 56 1
51 57 1
51 58 1
51 121 1
51 124 1
51 185 1
51 196 1
52 53 1
52 54 1
52 55 1
52 56 1
52 57 1
52 58 1
52 59 1
52 60 1
52 61 1
52 62 1
52 120 1
52 185 1
53 54 1
53 55 1
53 56 1
53 57 1
53 58 1
53 61 1
53 112 1
53 186 1
54 55 1
54 56 1
54 57 1
54 58 1
54 185 1
55 56 1
55 57 1
55 58 1
55 62 1
55 120 1
56 57 1
56 58 1
56 62 1
56 120 1
57 58 1
57 62 1
57 120 1
58 101 1
58 104 1
58 131 1
59 60 1
59 61 1
59 62 1
59 63 1
60 61 1
60 62 1
60 63 1
61 112 1
61 186 1
62 63 1
62 64 1
62 72 1
62 81 1
62 83 1
62 89 1
62 92 1
62 99 1
62 107 1
62 120 1
63 64 1
63 65 1
63 67 1
63 70 1
63 72 1
63 75 1
63 76 1
63 77 1
63 81 1
63 83 1
63 89 1
63 91 1
63 92 1
63 99 1
63 101 1
63 102 1
63 105 1
63 106 1
63 122 1
63 125 1
63 131 1
63 190 1
64 65 1
64 66 1
64 68 1
64 69 1
64 70 1
64 71 1
64 72 1
64 73 1
64 74 1
64 75 1
64 76 1
64 77 1
64 78 1
64 80 1
64 81 1
64 83 1
64 85 1
64 89 1
64 90 1
64 92 1
64 94 1
64 95 1
64 97 1
64 99 1
64 100 1
64 101 1
64 102 1
64 104 1
64 105 1
64 106 1
64 108 1
64 109 1
64 110 1
64 187 1
64 188 1
65 68 1
65 70 1
65 71 1
65 75 1
65 76 1
65 77 1
65 86 1
65 94 1
65 97 1
65 101 1
65 102 1
65 105 1
65 106 1
65 107 1
65 130 1
65 131 1
65 157 1
65 190 1
66 68 1
66 69 1
66 71 1
66 72 1
66 74 1
66 76 1
66 78 1
66 85 1
66 87 1
66 94 1
66 95 1
66 97 1
66 100 1
66 101 1
66 102 1
66 104 1
66 105 1
66 108 1
66 113 1
66 115 1
66 128 1
67 78 1
67 80 1
67 81 1
67 82 1
67 86 1
67 88 1
67 89 1
67 90 1
67 91 1
67 92 1
67 93 1
67 94 1
67 96 1
67 98 1
67 99 1
67 100 1
67 122 1
67 190 1
68 69 1
68 70 1
68 71 1
68 72 1
68 73 1
68 74 1
68 75 1
68 76 1
68 77 1
68 78 1
68 85 1
68 86 1
68 87 1
68 88 1
68 90 1
68 91 1
68 94 1
68 95 1
68 97 1
68 100 1
68 101 1
68 102 1
68 105 1
68 106 1
68 108 1
68 110 1
68 128 1
68 129 1
68 130 1
68 131 1
69 71 1
69 72 1
69 76 1
69 78 1
69 85 1
69 94 1
69 95 1
69 100 1
69 101 1
69 102 1
69 104 1
69 108 1
70 71 1
70 75 1
70 76 1
70 77 1
70 86 1
70 94 1
70 101 1
70 102 1
70 105 1
70 106 1
70 107 1
70 131 1
70 190 1
71 72 1
71 75 1
71 76 1
71 77 1
71 78 1
71 85 1
71 87 1
71 94 1
71 95 1
71 100 1
71 101 1
71 102 1
71 108 1
71 128 1
71 131 1
72 73 1
72 74 1
72 76 1
72 78 1
72 81 1
72 83 1
72 85 1
72 86 1
72 87 1
72 89 1
72 90 1
72 91 1
72 92 1
72 94 1
72 95 1
72 96 1
72 97 1
72 98 1
72 99 1
72 100 1
72 101 1
72 102 1
72 104 1
72 108 1
72 109 1
72 110 1
72 111 1
72 112 1
72 113 1
72 115 1
72 116 1
72 122 1
72 129 1
72 130 1
72 187 1
72 188 1
73 74 1
73 76 1
73 85 1
73 86 1
73 87 1
73 89 1
73 90 1
73 91 1
73 92 1
73 94 1
73 95 1
73 96 1
73 97 1
73 101 1
73 102 1
73 103 1
73 108 1
73 109 1
73 110 1
73 129 1
73 130 1
73 187 1
73 188 1
74 76 1
74 78 1
74 85 1
74 86 1
74 87 1
74 89 1
74 90 1
74 91 1
74 92 1
74 93 1
74 94 1
74 95 1
74 96 1
74 97 1
74 98 1
74 99 1
74 101 1
74 102 1
74 103 1
74 104 1
74 108 1
74 109 1
74 110 1
74 113 1
74 114 1
74 115 1
74 129 1
74 130 1
74 187 1
74 188 1
75 76 1
75 77 1
75 86 1
75 94 1
75 101 1
75 102 1
75 105 1
75 106 1
75 107 1
75 131 1
75 190 1
76 77 1
76 78 1
76 85 1
76 86 1
76 87 1
76 88 1
76 90 1
76 91 1
76 94 1
76 95 1
76 96 1
76 97 1
76 100 1
76 101 1
76 102 1
76 104 1
76 105 1
76 106 1
76 107 1
76 108 1
76 110 1
76 113 1
76 115 1
76 128 1
76 129 1
76 130 1
76 131 1
76 160 1
76 175 1
76 190 1
76 194 1
77 86 1
77 94 1
77 101 1
77 102 1
77 105 1
77 106 1
77 107 1
77 131 1
77 190 1
78 80 1
78 81 1
78 82 1
78 85 1
78 86 1
78 87 1
78 88 1
78 89 1
78 90 1
78 91 1
78 92 1
78 93 1
78 94 1
78 95 1
78 96 1
78 97 1
78 98 1
78 99 1
78 100 1
78 101 1
78 102 1
78 104 1
78 107 1
78 108 1
78 109 1
78 110 1
78 113 1
78 115 1
78 121 1
78 122 1
78 133 1
79 107 1
79 120 1
79 123 1
79 176 1
79 185 1
79 186 1
79 187 1
80 81 1
80 82 1
80 86 1
80 88 1
80 89 1
80 90 1
80 91 1
80 92 1
80 93 1
80 97 1
80 98 1
80 99 1
80 100 1
80 104 1
80 109 1
80 119 1
81 82 1
81 83 1
81 86 1
81 88 1
81 89 1
81 90 1
81 91 1
81 92 1
81 93 1
81 98 1
81 99 1
81 100 1
81 119 1
81 130 1
81 133 1
81 136 1
81 137 1
81 150 1
81 153 1
81 156 1
81 157 1
81 160 1
81 161 1
81 164 1
81 168 1
81 181 1
82 86 1
82 88 1
82 89 1
82 90 1
82 91 1
82 92 1
82 93 1
82 98 1
82 99 1
82 100 1
82 107 1
83 84 1
83 89 1
83 92 1
83 99 1
83 101 1
83 102 1
83 118 1
83 119 1
83 130 1
83 133 1
83 136 1
83 137 1
83 150 1
83 153 1
83 156 1
83 157 1
83 160 1
83 161 1
83 164 1
83 168 1
83 179 1
83 181 1
83 183 1
83 184 1
84 89 1
84 92 1
84 97 1
84 104 1
85 86 1
85 87 1
85 91 1
85 94 1
85 95 1
85 100 1
85 101 1
85 102 1
85 108 1
85 110 1
85 127 1
85 128 1
85 129 1
85 130 1
86 87 1
86 88 1
86 89 1
86 90 1
86 91 1
86 92 1
86 93 1
86 96 1
86 97 1
86 98 1
86 99 1
86 100 1
86 101 1
86 102 1
86 104 1
86 105 1
86 106 1
86 107 1
86 110 1
86 113 1
86 115 1
86 127 1
86 129 1
86 130 1
86 131 1
86 132 1
86 133 1
87 89 1
87 91 1
87 92 1
87 94 1
87 96 1
87 97 1
87 98 1
87 99 1
87 101 1
87 102 1
87 103 1
87 104 1
87 108 1
87 109 1
87 110 1
87 113 1
87 115 1
87 127 1
87 128 1
87 129 1
87 130 1
87 133 1
88 89 1
88 90 1
88 91 1
88 92 1
88 93 1
88 94 1
88 97 1
88 98 1
88 99 1
88 100 1
88 102 1
88 128 1
88 132 1
89 90 1
89 91 1
89 92 1
89 93 1
89 94 1
89 95 1
89 96 1
89 97 1
89 98 1
89 99 1
89 100 1
89 104 1
89 107 1
89 108 1
89 109 1
89 113 1
89 115 1
89 132 1
89 133 1
89 187 1
89 188 1
90 91 1
90 92 1
90 93 1
90 94 1
90 95 1
90 97 1
90 98 1
90 99 1
90 100 1
90 102 1
90 104 1
90 107 1
90 108 1
90 109 1
90 128 1
90 132 1
90 187 1
90 188 1
91 92 1
91 93 1
91 94 1
91 96 1
91 97 1
91 98 1
91 99 1
91 100 1
91 101 1
91 102 1
91 104 1
91 107 1
91 110 1
91 113 1
91 114 1
91 115 1
91 122 1
91 129 1
91 130 1
91 132 1
91 133 1
91 190 1
92 93 1
92 94 1
92 95 1
92 96 1
92 97 1
92 98 1
92 99 1
92 100 1
92 104 1
92 107 1
92 108 1
92 109 1
92 113 1
92 115 1
92 132 1
92 187 1
92 188 1
93 94 1
93 96 1
93 98 1
93 99 1
93 100 1
93 104 1
93 113 1
93 114 1
93 132 1
94 95 1
94 96 1
94 97 1
94 98 1
94 99 1
94 100 1
94 101 1
94 102 1
94 103 1
94 104 1
94 105 1
94 106 1
94 107 1
94 108 1
94 109 1
94 110 1
94 113 1
94 115 1
94 128 1
94 131 1
94 187 1
94 188 1
95 97 1
95 100 1
95 101 1
95 102 1
95 108 1
95 109 1
95 110 1
95 187 1
95 188 1
96 97 1
96 98 1
96 99 1
96 102 1
96 103 1
96 104 1
96 110 1
96 113 1
96 115 1
97 101 1
97 102 1
97 104 1
97 108 1
97 109 1
97 113 1
97 115 1
97 118 1
97 128 1
97 133 1
97 157 1
97 178 1
97 186 1
97 187 1
97 188 1
98 99 1
98 100 1
98 104 1
98 113 1
98 115 1
99 100 1
99 104 1
99 107 1
99 113 1
99 115 1
100 101 1
100 102 1
100 107 1
100 108 1
100 131 1
101 102 1
101 105 1
101 106 1
101 107 1
101 108 1
101 110 1
101 118 1
101 119 1
101 129 1
101 130 1
101 131 1
101 156 1
101 157 1
101 190 1
102 104 1
102 105 1
102 106 1
102 107 1
102 108 1
102 110 1
102 113 1
102 115 1
102 118 1
102 119 1
102 128 1
102 129 1
102 130 1
102 131 1
102 136 1
102 156 1
102 190 1
102 194 1
103 109 1
104 107 1
104 109 1
104 110 1
104 111 1
104 113 1
104 114 1
104 115 1
104 121 1
104 122 1
104 128 1
104 133 1
104 157 1
104 194 1
105 106 1
105 107 1
105 131 1
105 190 1
106 107 1
106 131 1
106 190 1
107 109 1
107 111 1
107 123 1
107 124 1
107 125 1
107 126 1
108 109 1
108 110 1
108 187 1
108 188 1
109 111 1
109 123 1
109 124 1
109 125 1
109 126 1
109 187 1
109 188 1
110 115 1
110 129 1
110 130 1
111 112 1
111 123 1
111 124 1
111 125 1
111 126 1
112 186 1
113 114 1
113 115 1
113 133 1
113 149 1
113 171 1
113 180 1
115 121 1
115 122 1
115 133 1
116 117 1
116 118 1
116 186 1
117 118 1
118 119 1
118 178 1
119 130 1
119 132 1
119 133 1
119 136 1
119 137 1
119 148 1
119 149 1
119 150 1
119 152 1
119 153 1
119 156 1
119 157 1
119 160 1
119 161 1
119 164 1
119 168 1
119 169 1
119 172 1
119 176 1
119 180 1
119 181 1
120 123 1
120 176 1
120 185 1
120 186 1
120 187 1
121 122 1
121 124 1
121 185 1
121 196 1
122 190 1
123 124 1
123 125 1
123 126 1
123 176 1
123 185 1
123 186 1
123 187 1
124 125 1
124 126 1
124 145 1
124 146 1
124 185 1
124 196 1
125 126 1
125 141 1
126 130 1
126 132 1
126 133 1
126 134 1
126 135 1
126 136 1
126 137 1
126 138 1
126 141 1
126 142 1
126 143 1
126 144 1
126 145 1
126 146 1
126 147 1
126 148 1
126 149 1
126 150 1
126 151 1
126 152 1
126 153 1
126 154 1
126 155 1
126 156 1
126 157 1
126 158 1
126 159 1
126 160 1
126 161 1
126 162 1
126 163 1
128 195 1
129 130 1
130 132 1
130 133 1
130 136 1
130 137 1
130 143 1
130 149 1
130 150 1
130 151 1
130 152 1
130 153 1
130 154 1
130 155 1
130 156 1
130 157 1
130 158 1
130 159 1
130 160 1
130 161 1
130 162 1
130 163 1
130 164 1
130 168 1
130 171 1
130 173 1
130 174 1
130 175 1
130 177 1
130 178 1
130 179 1
130 181 1
130 183 1
130 184 1
131 190 1
132 133 1
132 136 1
132 137 1
132 147 1
132 148 1
132 149 1
132 150 1
132 151 1
132 152 1
132 153 1
132 154 1
132 155 1
132 156 1
132 157 1
132 158 1
132 159 1
132 160 1
132 161 1
132 162 1
132 163 1
132 168 1
132 169 1
132 170 1
132 171 1
132 172 1
132 173 1
132 174 1
132 175 1
132 176 1
132 177 1
132 178 1
132 179 1
132 180 1
132 181 1
132 182 1
133 136 1
133 137 1
133 141 1
133 145 1
133 146 1
133 148 1
133 149 1
133 150 1
133 151 1
133 152 1
133 153 1
133 154 1
133 155 1
133 156 1
133 157 1
133 159 1
133 160 1
133 161 1
133 162 1
133 163 1
133 164 1
133 168 1
133 169 1
133 171 1
133 172 1
133 173 1
133 174 1
133 175 1
133 176 1
133 177 1
133 178 1
133 179 1
133 180 1
133 181 1
133 191 1
134 135 1
134 136 1
134 137 1
135 136 1
135 137 1
135 138 1
135 139 1
135 140 1
136 137 1
136 143 1
136 147 1
136 148 1
136 149 1
136 150 1
136 151 1
136 152 1
136 153 1
136 154 1
136 156 1
136 157 1
136 159 1
136 160 1
136 161 1
136 163 1
136 164 1
136 165 1
136 166 1
136 167 1
136 168 1
136 169 1
136 170 1
136 171 1
136 172 1
136 173 1
136 174 1
136 175 1
136 176 1
136 177 1
136 178 1
136 179 1
136 180 1
136 181 1
137 147 1
137 148 1
137 149 1
137 150 1
137 151 1
137 152 1
137 153 1
137 154 1
137 155 1
137 156 1
137 157 1
137 159 1
137 160 1
137 161 1
137 162 1
137 163 1
137 164 1
137 168 1
137 170 1
137 171 1
137 172 1
137 173 1
137 174 1
137 175 1
137 176 1
137 177 1
137 178 1
137 179 1
137 181 1
138 141 1
138 142 1
138 148 1
139 140 1
139 193 1
140 192 1
140 193 1
141 142 1
141 148 1
142 148 1
142 163 1
143 149 1
143 152 1
143 153 1
143 156 1
143 157 1
143 158 1
143 161 1
143 162 1
143 164 1
143 175 1
143 177 1
144 157 1
144 165 1
144 180 1
144 192 1
145 146 1
145 154 1
146 154 1
147 148 1
147 149 1
147 150 1
147 168 1
147 169 1
147 170 1
147 171 1
147 172 1
147 173 1
147 174 1
147 175 1
147 176 1
148 149 1
148 150 1
148 152 1
148 156 1
148 160 1
148 161 1
148 169 1
148 170 1
148 172 1
148 173 1
148 174 1
148 175 1
148 176 1
148 180 1
148 181 1
149 150 1
149 152 1
149 153 1
149 156 1
149 157 1
149 158 1
149 160 1
149 161 1
149 164 1
149 168 1
149 169 1
149 170 1
149 171 1
149 172 1
149 173 1
149 174 1
149 175 1
149 176 1
149 180 1
149 181 1
150 151 1
150 152 1
150 153 1
150 154 1
150 155 1
150 156 1
150 157 1
150 159 1
150 160 1
150 161 1
150 162 1
150 164 1
150 168 1
150 169 1
150 170 1
150 171 1
150 172 1
150 173 1
150 174 1
150 175 1
150 176 1
150 177 1
150 178 1
150 179 1
150 181 1
151 153 1
151 154 1
151 155 1
151 159 1
151 160 1
151 162 1
152 153 1
152 156 1
152 157 1
152 158 1
152 160 1
152 161 1
152 164 1
152 168 1
152 169 1
152 170 1
152 171 1
152 172 1
152 174 1
152 175 1
152 176 1
152 180 1
152 181 1
153 154 1
153 155 1
153 156 1
153 157 1
153 158 1
153 159 1
153 160 1
153 161 1
153 162 1
153 164 1
153 168 1
153 171 1
153 173 1
153 175 1
153 179 1
153 181 1
154 155 1
154 159 1
154 160 1
154 162 1
154 177 1
154 178 1
155 159 1
155 160 1
155 162 1
155 177 1
155 178 1
156 157 1
156 158 1
156 160 1
156 161 1
156 163 1
156 164 1
156 168 1
156 169 1
156 170 1
156 171 1
156 172 1
156 173 1
156 174 1
156 175 1
156 176 1
156 177 1
156 178 1
156 179 1
156 180 1
156 181 1
156 183 1
156 184 1
157 158 1
157 160 1
157 161 1
157 164 1
157 165 1
157 168 1
157 171 1
157 173 1
157 174 1
157 175 1
157 179 1
157 181 1
158 160 1
158 161 1
158 164 1
158 168 1
158 171 1
158 175 1
158 179 1
159 160 1
159 162 1
159 177 1
159 178 1
160 161 1
160 162 1
160 164 1
160 168 1
160 169 1
160 170 1
160 171 1
160 172 1
160 173 1
160 174 1
160 175 1
160 176 1
160 177 1
160 178 1
160 179 1
160 180 1
160 181 1
161 164 1
161 168 1
161 169 1
161 170 1
161 172 1
161 173 1
161 174 1
161 175 1
161 176 1
161 180 1
161 181 1
162 177 1
162 178 1
163 174 1
163 177 1
163 178 1
164 168 1
164 174 1
164 175 1
164 181 1
165 172 1
165 180 1
165 192 1
166 180 1
166 192 1
167 171 1
168 169 1
168 170 1
168 171 1
168 173 1
168 174 1
168 179 1
168 181 1
168 183 1
168 184 1
169 170 1
169 172 1
169 173 1
169 176 1
169 180 1
169 181 1
170 171 1
170 172 1
170 173 1
170 174 1
170 175 1
170 176 1
171 173 1
171 174 1
171 179 1
171 180 1
172 173 1
172 174 1
172 175 1
172 176 1
172 180 1
172 181 1
173 174 1
173 175 1
173 176 1
173 179 1
174 175 1
174 176 1
174 181 1
175 176 1
176 180 1
176 181 1
176 185 1
176 186 1
176 187 1
177 178 1
179 183 1
179 184 1
180 181 1
180 192 1
183 184 1
185 186 1
185 187 1
185 196 1
186 187 1
187 188 1
194 197 1
196 198 1
