%%MatrixMarket matrix coordinate integer symmetric
297 297 2105
1 3 1.000000
1 5 1.000000
1 11 1.000000
1 71 1.000000
1 156 1.000000
1 196 1.000000
2 4 1.000000
2 6 1.000000
2 12 1.000000
2 43 1.000000
2 169 1.000000
2 177 1.000000
2 197 1.000000
3 4 1.000000
3 79 1.000000
3 80 1.000000
3 110 1.000000
3 122 1.000000
4 53 1.000000
4 70 1.000000
4 80 1.000000
4 110 1.000000
4 111 1.000000
4 123 1.000000
5 19 1.000000
5 42 1.000000
5 73 1.000000
6 18 1.000000
6 38 1.000000
6 43 1.000000
6 63 1.000000
6 72 1.000000
6 74 1.000000
6 157 1.000000
6 175 1.000000
7 52 1.000000
7 83 1.000000
7 208 1.000000
8 12 1.000000
8 64 1.000000
8 76 1.000000
9 17 1.000000
9 39 1.000000
9 71 1.000000
10 16 1.000000
10 39 1.000000
10 72 1.000000
11 7 1.000000
11 14 1.000000
11 17 1.000000
11 19 1.000000
11 38 1.000000
11 39 1.000000
11 40 1.000000
11 42 1.000000
11 48 1.000000
11 75 1.000000
11 112 1.000000
11 158 1.000000
12 8 1.000000
12 15 1.000000
12 20 1.000000
12 39 1.000000
12 41 1.000000
12 43 1.000000
12 45 1.000000
12 49 1.000000
12 75 1.000000
12 76 1.000000
12 159 1.000000
13 1 1.000000
13 7 1.000000
13 8 1.000000
13 12 1.000000
13 19 1.000000
13 20 1.000000
13 38 1.000000
13 39 1.000000
13 41 1.000000
13 43 1.000000
13 49 1.000000
13 73 1.000000
13 75 1.000000
13 76 1.000000
13 108 1.000000
13 109 1.000000
13 110 1.000000
13 111 1.000000
13 113 1.000000
13 166 1.000000
13 195 1.000000
13 196 1.000000
13 201 1.000000
13 207 1.000000
13 248 1.000000
14 11 1.000000
14 48 1.000000
15 49 1.000000
17 9 1.000000
17 40 1.000000
18 6 1.000000
18 10 1.000000
18 38 1.000000
18 39 1.000000
18 51 1.000000
18 72 1.000000
18 76 1.000000
19 5 1.000000
19 11 1.000000
19 44 1.000000
19 71 1.000000
19 73 1.000000
19 107 1.000000
19 112 1.000000
19 113 1.000000
19 173 1.000000
19 175 1.000000
19 180 1.000000
20 6 1.000000
20 12 1.000000
20 18 1.000000
20 72 1.000000
20 74 1.000000
20 112 1.000000
20 113 1.000000
20 173 1.000000
20 174 1.000000
20 175 1.000000
20 180 1.000000
21 7 1.000000
22 14 1.000000
22 171 1.000000
22 196 1.000000
22 207 1.000000
23 80 1.000000
24 173 1.000000
24 196 1.000000
25 174 1.000000
25 197 1.000000
26 64 1.000000
26 107 1.000000
26 150 1.000000
26 156 1.000000
26 157 1.000000
26 180 1.000000
27 52 1.000000
27 53 1.000000
27 54 1.000000
27 55 1.000000
27 56 1.000000
27 57 1.000000
27 58 1.000000
27 59 1.000000
27 69 1.000000
27 94 1.000000
27 149 1.000000
27 150 1.000000
28 52 1.000000
28 53 1.000000
28 54 1.000000
28 55 1.000000
28 56 1.000000
28 57 1.000000
28 100 1.000000
29 52 1.000000
29 53 1.000000
29 56 1.000000
29 57 1.000000
29 100 1.000000
29 239 1.000000
30 52 1.000000
30 53 1.000000
30 58 1.000000
30 59 1.000000
30 94 1.000000
30 149 1.000000
30 150 1.000000
31 52 1.000000
31 53 1.000000
31 54 1.000000
31 55 1.000000
31 58 1.000000
31 59 1.000000
31 95 1.000000
31 270 1.000000
31 271 1.000000
32 52 1.000000
32 53 1.000000
32 54 1.000000
32 55 1.000000
32 56 1.000000
32 57 1.000000
32 96 1.000000
33 52 1.000000
33 53 1.000000
33 54 1.000000
33 55 1.000000
33 56 1.000000
33 57 1.000000
33 97 1.000000
33 112 1.000000
33 113 1.000000
34 52 1.000000
34 53 1.000000
34 54 1.000000
34 55 1.000000
34 97 1.000000
35 98 1.000000
36 98 1.000000
37 99 1.000000
38 16 1.000000
38 19 1.000000
38 44 1.000000
38 45 1.000000
38 71 1.000000
38 72 1.000000
39 7 1.000000
39 8 1.000000
39 10 1.000000
39 11 1.000000
39 12 1.000000
39 17 1.000000
39 44 1.000000
39 72 1.000000
40 11 1.000000
40 14 1.000000
40 71 1.000000
41 15 1.000000
41 16 1.000000
41 74 1.000000
41 84 1.000000
42 7 1.000000
42 112 1.000000
42 113 1.000000
43 6 1.000000
43 8 1.000000
43 45 1.000000
43 112 1.000000
43 172 1.000000
43 197 1.000000
44 19 1.000000
46 48 1.000000
46 158 1.000000
47 15 1.000000
47 112 1.000000
48 11 1.000000
48 14 1.000000
48 40 1.000000
48 42 1.000000
48 44 1.000000
48 46 1.000000
48 112 1.000000
48 158 1.000000
48 196 1.000000
49 15 1.000000
49 47 1.000000
49 159 1.000000
50 5 1.000000
50 78 1.000000
50 107 1.000000
50 120 1.000000
50 166 1.000000
50 180 1.000000
50 230 1.000000
51 6 1.000000
51 16 1.000000
51 107 1.000000
51 175 1.000000
51 231 1.000000
52 3 1.000000
52 4 1.000000
52 7 1.000000
52 26 1.000000
52 42 1.000000
52 50 1.000000
52 53 1.000000
52 55 1.000000
52 56 1.000000
52 58 1.000000
52 62 1.000000
52 65 1.000000
52 75 1.000000
52 78 1.000000
52 80 1.000000
52 107 1.000000
52 109 1.000000
52 110 1.000000
52 111 1.000000
52 126 1.000000
52 127 1.000000
52 140 1.000000
52 141 1.000000
52 142 1.000000
52 145 1.000000
52 148 1.000000
52 149 1.000000
52 150 1.000000
52 151 1.000000
52 156 1.000000
52 157 1.000000
52 162 1.000000
52 166 1.000000
52 168 1.000000
52 169 1.000000
52 176 1.000000
52 177 1.000000
52 196 1.000000
52 200 1.000000
52 202 1.000000
52 207 1.000000
52 208 1.000000
52 218 1.000000
52 235 1.000000
53 1 1.000000
53 3 1.000000
53 4 1.000000
53 7 1.000000
53 8 1.000000
53 13 1.000000
53 26 1.000000
53 43 1.000000
53 51 1.000000
53 52 1.000000
53 54 1.000000
53 57 1.000000
53 59 1.000000
53 62 1.000000
53 66 1.000000
53 77 1.000000
53 79 1.000000
53 109 1.000000
53 110 1.000000
53 111 1.000000
53 126 1.000000
53 127 1.000000
53 140 1.000000
53 141 1.000000
53 148 1.000000
53 149 1.000000
53 150 1.000000
53 152 1.000000
53 154 1.000000
53 155 1.000000
53 156 1.000000
53 157 1.000000
53 163 1.000000
53 167 1.000000
53 168 1.000000
53 169 1.000000
53 197 1.000000
53 201 1.000000
53 203 1.000000
53 207 1.000000
53 217 1.000000
54 1 1.000000
54 2 1.000000
54 7 1.000000
54 8 1.000000
54 26 1.000000
54 42 1.000000
54 52 1.000000
54 55 1.000000
54 56 1.000000
54 60 1.000000
54 61 1.000000
54 62 1.000000
54 64 1.000000
54 65 1.000000
54 66 1.000000
54 67 1.000000
54 70 1.000000
54 73 1.000000
54 107 1.000000
54 109 1.000000
54 110 1.000000
54 111 1.000000
54 149 1.000000
54 150 1.000000
54 156 1.000000
54 157 1.000000
54 160 1.000000
54 171 1.000000
54 172 1.000000
54 176 1.000000
54 177 1.000000
54 208 1.000000
54 228 1.000000
54 230 1.000000
54 231 1.000000
55 1 1.000000
55 2 1.000000
55 8 1.000000
55 13 1.000000
55 14 1.000000
55 26 1.000000
55 43 1.000000
55 53 1.000000
55 54 1.000000
55 57 1.000000
55 61 1.000000
55 63 1.000000
55 65 1.000000
55 66 1.000000
55 70 1.000000
55 74 1.000000
55 110 1.000000
55 111 1.000000
55 149 1.000000
55 150 1.000000
55 154 1.000000
55 155 1.000000
55 156 1.000000
55 157 1.000000
55 160 1.000000
55 166 1.000000
55 171 1.000000
55 172 1.000000
55 176 1.000000
55 177 1.000000
55 196 1.000000
55 197 1.000000
55 208 1.000000
55 229 1.000000
55 231 1.000000
55 234 1.000000
56 7 1.000000
56 8 1.000000
56 14 1.000000
56 26 1.000000
56 42 1.000000
56 43 1.000000
56 52 1.000000
56 55 1.000000
56 57 1.000000
56 58 1.000000
56 62 1.000000
56 63 1.000000
56 65 1.000000
56 110 1.000000
56 111 1.000000
56 112 1.000000
56 113 1.000000
56 126 1.000000
56 127 1.000000
56 140 1.000000
56 141 1.000000
56 145 1.000000
56 149 1.000000
56 150 1.000000
56 162 1.000000
56 197 1.000000
57 4 1.000000
57 7 1.000000
57 8 1.000000
57 14 1.000000
57 15 1.000000
57 22 1.000000
57 26 1.000000
57 42 1.000000
57 43 1.000000
57 50 1.000000
57 53 1.000000
57 54 1.000000
57 56 1.000000
57 59 1.000000
57 62 1.000000
57 64 1.000000
57 66 1.000000
57 110 1.000000
57 111 1.000000
57 126 1.000000
57 127 1.000000
57 138 1.000000
57 141 1.000000
57 148 1.000000
57 149 1.000000
57 150 1.000000
57 154 1.000000
57 155 1.000000
57 156 1.000000
57 163 1.000000
57 166 1.000000
58 1 1.000000
58 2 1.000000
58 3 1.000000
58 13 1.000000
58 20 1.000000
58 21 1.000000
58 22 1.000000
58 50 1.000000
58 52 1.000000
58 55 1.000000
58 66 1.000000
58 67 1.000000
58 77 1.000000
58 78 1.000000
58 82 1.000000
58 84 1.000000
58 107 1.000000
58 111 1.000000
58 117 1.000000
58 122 1.000000
58 129 1.000000
58 149 1.000000
58 150 1.000000
58 157 1.000000
58 166 1.000000
58 167 1.000000
58 173 1.000000
58 181 1.000000
58 196 1.000000
58 207 1.000000
58 230 1.000000
58 233 1.000000
58 235 1.000000
59 4 1.000000
59 14 1.000000
59 19 1.000000
59 20 1.000000
59 21 1.000000
59 43 1.000000
59 51 1.000000
59 53 1.000000
59 54 1.000000
59 62 1.000000
59 65 1.000000
59 67 1.000000
59 69 1.000000
59 77 1.000000
59 81 1.000000
59 83 1.000000
59 107 1.000000
59 111 1.000000
59 116 1.000000
59 128 1.000000
59 129 1.000000
59 149 1.000000
59 150 1.000000
59 154 1.000000
59 155 1.000000
59 156 1.000000
59 166 1.000000
59 173 1.000000
59 174 1.000000
59 181 1.000000
59 197 1.000000
59 231 1.000000
59 232 1.000000
59 233 1.000000
59 234 1.000000
60 14 1.000000
60 15 1.000000
60 61 1.000000
60 62 1.000000
60 64 1.000000
60 66 1.000000
60 112 1.000000
60 113 1.000000
60 138 1.000000
60 172 1.000000
60 262 1.000000
60 263 1.000000
61 14 1.000000
61 15 1.000000
61 60 1.000000
61 63 1.000000
61 65 1.000000
61 69 1.000000
61 154 1.000000
61 155 1.000000
61 159 1.000000
61 262 1.000000
61 263 1.000000
62 60 1.000000
62 61 1.000000
62 138 1.000000
62 139 1.000000
62 148 1.000000
62 154 1.000000
62 155 1.000000
63 14 1.000000
63 64 1.000000
63 66 1.000000
63 79 1.000000
63 80 1.000000
63 138 1.000000
63 157 1.000000
63 172 1.000000
64 8 1.000000
64 14 1.000000
64 60 1.000000
64 61 1.000000
64 63 1.000000
64 65 1.000000
64 138 1.000000
64 139 1.000000
64 143 1.000000
64 156 1.000000
64 171 1.000000
65 2 1.000000
65 7 1.000000
65 14 1.000000
65 26 1.000000
65 61 1.000000
65 63 1.000000
65 64 1.000000
65 66 1.000000
65 80 1.000000
65 112 1.000000
65 113 1.000000
65 126 1.000000
65 149 1.000000
65 154 1.000000
65 155 1.000000
65 160 1.000000
65 163 1.000000
65 172 1.000000
65 177 1.000000
65 197 1.000000
66 1 1.000000
66 4 1.000000
66 7 1.000000
66 8 1.000000
66 15 1.000000
66 60 1.000000
66 62 1.000000
66 63 1.000000
66 64 1.000000
66 70 1.000000
66 79 1.000000
66 127 1.000000
66 154 1.000000
66 155 1.000000
66 160 1.000000
66 162 1.000000
66 171 1.000000
66 172 1.000000
66 230 1.000000
67 108 1.000000
67 109 1.000000
67 136 1.000000
67 153 1.000000
67 173 1.000000
67 174 1.000000
67 177 1.000000
67 181 1.000000
67 187 1.000000
67 194 1.000000
67 195 1.000000
68 4 1.000000
68 108 1.000000
68 109 1.000000
68 137 1.000000
68 160 1.000000
68 174 1.000000
68 181 1.000000
68 194 1.000000
68 195 1.000000
69 54 1.000000
69 55 1.000000
69 60 1.000000
69 61 1.000000
69 108 1.000000
69 149 1.000000
69 150 1.000000
69 154 1.000000
69 155 1.000000
69 156 1.000000
69 157 1.000000
69 158 1.000000
69 159 1.000000
69 181 1.000000
69 261 1.000000
69 264 1.000000
70 66 1.000000
70 67 1.000000
70 153 1.000000
72 12 1.000000
72 18 1.000000
72 39 1.000000
72 49 1.000000
73 7 1.000000
73 71 1.000000
73 112 1.000000
73 113 1.000000
74 6 1.000000
74 63 1.000000
74 72 1.000000
74 112 1.000000
75 38 1.000000
75 39 1.000000
75 44 1.000000
75 45 1.000000
75 76 1.000000
76 8 1.000000
76 11 1.000000
76 12 1.000000
76 38 1.000000
76 39 1.000000
76 44 1.000000
76 45 1.000000
77 16 1.000000
77 26 1.000000
78 17 1.000000
78 26 1.000000
78 77 1.000000
78 124 1.000000
78 173 1.000000
78 174 1.000000
78 175 1.000000
78 180 1.000000
79 3 1.000000
79 22 1.000000
79 70 1.000000
79 155 1.000000
80 23 1.000000
80 70 1.000000
80 82 1.000000
80 113 1.000000
80 154 1.000000
80 155 1.000000
81 3 1.000000
81 22 1.000000
81 128 1.000000
81 175 1.000000
81 181 1.000000
81 196 1.000000
81 228 1.000000
82 4 1.000000
82 23 1.000000
82 121 1.000000
82 129 1.000000
82 175 1.000000
82 181 1.000000
82 229 1.000000
83 22 1.000000
83 128 1.000000
83 175 1.000000
83 181 1.000000
84 23 1.000000
84 129 1.000000
84 165 1.000000
84 175 1.000000
84 181 1.000000
85 27 1.000000
85 52 1.000000
85 53 1.000000
85 56 1.000000
85 57 1.000000
85 58 1.000000
85 59 1.000000
85 70 1.000000
85 101 1.000000
86 30 1.000000
86 52 1.000000
86 53 1.000000
86 56 1.000000
86 57 1.000000
86 58 1.000000
86 59 1.000000
86 69 1.000000
86 149 1.000000
86 150 1.000000
87 29 1.000000
87 31 1.000000
87 52 1.000000
87 53 1.000000
87 56 1.000000
87 57 1.000000
87 58 1.000000
87 59 1.000000
87 102 1.000000
88 33 1.000000
88 52 1.000000
88 53 1.000000
88 56 1.000000
88 57 1.000000
88 58 1.000000
88 59 1.000000
88 87 1.000000
88 103 1.000000
89 34 1.000000
89 52 1.000000
89 53 1.000000
89 54 1.000000
89 55 1.000000
89 56 1.000000
89 57 1.000000
89 88 1.000000
89 112 1.000000
89 113 1.000000
90 36 1.000000
90 52 1.000000
90 53 1.000000
90 89 1.000000
90 104 1.000000
90 113 1.000000
91 28 1.000000
91 52 1.000000
91 53 1.000000
91 90 1.000000
91 105 1.000000
92 29 1.000000
92 52 1.000000
92 53 1.000000
92 56 1.000000
92 57 1.000000
92 62 1.000000
92 91 1.000000
92 106 1.000000
92 108 1.000000
92 138 1.000000
92 239 1.000000
93 29 1.000000
93 52 1.000000
93 53 1.000000
93 56 1.000000
93 57 1.000000
93 92 1.000000
93 134 1.000000
93 143 1.000000
93 160 1.000000
93 239 1.000000
95 107 1.000000
95 149 1.000000
95 150 1.000000
95 160 1.000000
96 52 1.000000
96 53 1.000000
96 58 1.000000
96 59 1.000000
96 107 1.000000
96 149 1.000000
96 150 1.000000
96 160 1.000000
97 56 1.000000
97 57 1.000000
97 107 1.000000
97 149 1.000000
97 150 1.000000
98 52 1.000000
98 53 1.000000
98 107 1.000000
98 113 1.000000
98 149 1.000000
98 150 1.000000
100 107 1.000000
100 149 1.000000
100 150 1.000000
100 239 1.000000
101 69 1.000000
101 86 1.000000
101 94 1.000000
101 95 1.000000
101 154 1.000000
101 155 1.000000
101 158 1.000000
101 159 1.000000
101 236 1.000000
101 240 1.000000
101 241 1.000000
101 248 1.000000
101 251 1.000000
101 259 1.000000
101 261 1.000000
101 265 1.000000
102 87 1.000000
102 95 1.000000
102 96 1.000000
102 154 1.000000
102 155 1.000000
102 156 1.000000
102 157 1.000000
102 241 1.000000
102 242 1.000000
102 251 1.000000
102 252 1.000000
102 253 1.000000
102 260 1.000000
102 261 1.000000
102 264 1.000000
103 88 1.000000
103 96 1.000000
103 97 1.000000
103 243 1.000000
103 244 1.000000
103 253 1.000000
103 254 1.000000
103 255 1.000000
103 261 1.000000
103 264 1.000000
104 89 1.000000
104 90 1.000000
104 97 1.000000
104 98 1.000000
104 245 1.000000
104 246 1.000000
104 255 1.000000
104 256 1.000000
104 257 1.000000
104 261 1.000000
104 262 1.000000
104 264 1.000000
105 98 1.000000
105 99 1.000000
105 237 1.000000
105 247 1.000000
105 249 1.000000
105 257 1.000000
105 258 1.000000
105 264 1.000000
106 69 1.000000
106 91 1.000000
106 92 1.000000
106 93 1.000000
106 99 1.000000
106 100 1.000000
106 108 1.000000
106 134 1.000000
106 135 1.000000
106 170 1.000000
106 238 1.000000
106 239 1.000000
106 249 1.000000
106 250 1.000000
107 19 1.000000
107 20 1.000000
107 26 1.000000
107 67 1.000000
107 68 1.000000
107 110 1.000000
107 111 1.000000
107 136 1.000000
107 137 1.000000
107 138 1.000000
107 139 1.000000
107 142 1.000000
107 143 1.000000
107 145 1.000000
107 149 1.000000
107 150 1.000000
107 151 1.000000
107 152 1.000000
107 153 1.000000
107 160 1.000000
107 180 1.000000
107 208 1.000000
108 58 1.000000
108 59 1.000000
108 62 1.000000
108 109 1.000000
108 158 1.000000
108 159 1.000000
108 262 1.000000
108 263 1.000000
109 56 1.000000
109 57 1.000000
109 108 1.000000
109 156 1.000000
109 157 1.000000
109 158 1.000000
109 159 1.000000
109 173 1.000000
109 262 1.000000
109 263 1.000000
110 3 1.000000
110 4 1.000000
110 111 1.000000
110 150 1.000000
110 207 1.000000
111 1 1.000000
111 4 1.000000
111 110 1.000000
112 11 1.000000
112 15 1.000000
112 18 1.000000
112 55 1.000000
112 60 1.000000
112 66 1.000000
112 79 1.000000
112 113 1.000000
112 144 1.000000
112 158 1.000000
112 180 1.000000
113 15 1.000000
113 43 1.000000
113 47 1.000000
113 54 1.000000
113 61 1.000000
113 65 1.000000
113 80 1.000000
113 112 1.000000
113 145 1.000000
113 159 1.000000
113 172 1.000000
113 259 1.000000
113 260 1.000000
113 261 1.000000
113 264 1.000000
114 81 1.000000
114 116 1.000000
114 120 1.000000
114 160 1.000000
114 224 1.000000
115 82 1.000000
115 117 1.000000
115 121 1.000000
115 129 1.000000
115 160 1.000000
116 3 1.000000
116 81 1.000000
116 114 1.000000
116 118 1.000000
116 122 1.000000
116 228 1.000000
117 82 1.000000
117 119 1.000000
117 123 1.000000
117 165 1.000000
117 227 1.000000
117 229 1.000000
118 83 1.000000
118 124 1.000000
118 128 1.000000
118 132 1.000000
118 160 1.000000
118 234 1.000000
119 84 1.000000
119 125 1.000000
119 129 1.000000
119 133 1.000000
119 160 1.000000
119 235 1.000000
122 3 1.000000
123 129 1.000000
123 175 1.000000
123 229 1.000000
124 132 1.000000
125 84 1.000000
125 119 1.000000
125 133 1.000000
126 52 1.000000
126 56 1.000000
126 142 1.000000
126 148 1.000000
126 150 1.000000
126 239 1.000000
127 53 1.000000
127 57 1.000000
127 143 1.000000
127 149 1.000000
128 3 1.000000
128 81 1.000000
128 83 1.000000
128 201 1.000000
129 4 1.000000
129 8 1.000000
129 82 1.000000
129 84 1.000000
129 123 1.000000
129 181 1.000000
129 186 1.000000
129 202 1.000000
130 81 1.000000
130 120 1.000000
130 122 1.000000
130 175 1.000000
130 178 1.000000
131 82 1.000000
131 123 1.000000
131 175 1.000000
131 179 1.000000
132 5 1.000000
132 7 1.000000
132 83 1.000000
132 122 1.000000
132 124 1.000000
132 175 1.000000
133 84 1.000000
133 123 1.000000
133 125 1.000000
133 175 1.000000
133 231 1.000000
134 108 1.000000
136 52 1.000000
136 60 1.000000
136 68 1.000000
136 137 1.000000
136 149 1.000000
136 153 1.000000
137 53 1.000000
137 61 1.000000
137 67 1.000000
137 107 1.000000
137 136 1.000000
137 145 1.000000
137 150 1.000000
137 160 1.000000
138 62 1.000000
138 139 1.000000
139 62 1.000000
139 138 1.000000
140 126 1.000000
140 138 1.000000
140 139 1.000000
140 141 1.000000
141 138 1.000000
141 139 1.000000
141 140 1.000000
142 143 1.000000
146 220 1.000000
147 219 1.000000
148 56 1.000000
148 57 1.000000
148 127 1.000000
148 154 1.000000
148 155 1.000000
149 8 1.000000
149 22 1.000000
149 26 1.000000
149 53 1.000000
149 56 1.000000
149 58 1.000000
149 62 1.000000
149 65 1.000000
149 66 1.000000
149 70 1.000000
149 79 1.000000
149 80 1.000000
149 107 1.000000
149 111 1.000000
149 136 1.000000
149 140 1.000000
149 141 1.000000
149 142 1.000000
149 150 1.000000
149 152 1.000000
149 153 1.000000
149 157 1.000000
149 162 1.000000
149 172 1.000000
149 239 1.000000
150 22 1.000000
150 23 1.000000
150 26 1.000000
150 52 1.000000
150 57 1.000000
150 59 1.000000
150 62 1.000000
150 65 1.000000
150 66 1.000000
150 70 1.000000
150 80 1.000000
150 127 1.000000
150 137 1.000000
150 141 1.000000
150 143 1.000000
150 145 1.000000
150 149 1.000000
150 151 1.000000
150 154 1.000000
150 155 1.000000
150 156 1.000000
150 157 1.000000
150 160 1.000000
150 163 1.000000
150 172 1.000000
150 239 1.000000
151 152 1.000000
152 151 1.000000
153 67 1.000000
153 68 1.000000
153 136 1.000000
153 137 1.000000
154 62 1.000000
154 66 1.000000
154 79 1.000000
154 80 1.000000
154 126 1.000000
154 155 1.000000
155 62 1.000000
155 65 1.000000
155 79 1.000000
155 80 1.000000
155 113 1.000000
155 134 1.000000
155 148 1.000000
155 154 1.000000
156 26 1.000000
156 62 1.000000
156 64 1.000000
156 68 1.000000
156 171 1.000000
157 6 1.000000
157 43 1.000000
157 62 1.000000
157 63 1.000000
157 69 1.000000
157 108 1.000000
157 172 1.000000
158 14 1.000000
158 46 1.000000
158 60 1.000000
158 61 1.000000
158 62 1.000000
158 64 1.000000
158 66 1.000000
158 68 1.000000
158 138 1.000000
158 139 1.000000
158 157 1.000000
158 264 1.000000
159 47 1.000000
159 62 1.000000
159 63 1.000000
159 65 1.000000
159 67 1.000000
159 113 1.000000
159 156 1.000000
159 261 1.000000
160 70 1.000000
160 107 1.000000
160 114 1.000000
160 127 1.000000
160 136 1.000000
160 137 1.000000
160 149 1.000000
160 150 1.000000
160 153 1.000000
161 154 1.000000
161 155 1.000000
161 162 1.000000
161 163 1.000000
161 261 1.000000
162 126 1.000000
162 127 1.000000
162 149 1.000000
162 154 1.000000
162 163 1.000000
163 69 1.000000
163 150 1.000000
163 155 1.000000
163 162 1.000000
164 3 1.000000
164 5 1.000000
164 13 1.000000
164 19 1.000000
164 26 1.000000
164 42 1.000000
164 50 1.000000
164 73 1.000000
164 75 1.000000
164 78 1.000000
164 107 1.000000
164 124 1.000000
164 166 1.000000
164 175 1.000000
164 180 1.000000
164 182 1.000000
164 183 1.000000
164 186 1.000000
164 187 1.000000
164 221 1.000000
164 222 1.000000
164 223 1.000000
164 230 1.000000
164 234 1.000000
165 6 1.000000
165 18 1.000000
165 20 1.000000
165 26 1.000000
165 38 1.000000
165 43 1.000000
165 51 1.000000
165 74 1.000000
165 77 1.000000
165 107 1.000000
165 125 1.000000
165 157 1.000000
165 164 1.000000
165 167 1.000000
165 175 1.000000
165 180 1.000000
165 182 1.000000
165 183 1.000000
165 186 1.000000
165 187 1.000000
165 188 1.000000
165 221 1.000000
165 222 1.000000
165 223 1.000000
165 231 1.000000
165 235 1.000000
166 13 1.000000
166 16 1.000000
166 17 1.000000
166 50 1.000000
166 78 1.000000
166 81 1.000000
166 109 1.000000
166 120 1.000000
166 128 1.000000
166 173 1.000000
166 175 1.000000
166 176 1.000000
166 181 1.000000
166 190 1.000000
166 232 1.000000
166 234 1.000000
167 16 1.000000
167 18 1.000000
167 51 1.000000
167 77 1.000000
167 82 1.000000
167 129 1.000000
167 174 1.000000
167 175 1.000000
167 177 1.000000
167 181 1.000000
167 190 1.000000
167 233 1.000000
167 235 1.000000
168 8 1.000000
168 81 1.000000
168 82 1.000000
168 83 1.000000
168 84 1.000000
168 122 1.000000
168 131 1.000000
168 132 1.000000
168 230 1.000000
169 8 1.000000
169 81 1.000000
169 82 1.000000
169 83 1.000000
169 84 1.000000
169 121 1.000000
169 130 1.000000
169 131 1.000000
169 133 1.000000
169 207 1.000000
169 228 1.000000
169 229 1.000000
169 231 1.000000
170 17 1.000000
170 70 1.000000
170 149 1.000000
170 150 1.000000
171 3 1.000000
171 11 1.000000
171 14 1.000000
171 112 1.000000
172 12 1.000000
172 15 1.000000
172 65 1.000000
172 72 1.000000
172 113 1.000000
172 154 1.000000
172 155 1.000000
172 159 1.000000
173 3 1.000000
173 4 1.000000
173 53 1.000000
173 64 1.000000
173 77 1.000000
173 78 1.000000
173 108 1.000000
173 109 1.000000
173 156 1.000000
173 230 1.000000
174 3 1.000000
174 4 1.000000
174 6 1.000000
174 77 1.000000
174 108 1.000000
174 109 1.000000
174 157 1.000000
174 231 1.000000
175 3 1.000000
175 4 1.000000
175 19 1.000000
175 108 1.000000
175 121 1.000000
175 122 1.000000
175 123 1.000000
175 124 1.000000
175 125 1.000000
175 132 1.000000
175 133 1.000000
175 167 1.000000
175 234 1.000000
176 1 1.000000
176 13 1.000000
176 19 1.000000
176 42 1.000000
176 67 1.000000
176 68 1.000000
176 112 1.000000
176 168 1.000000
176 171 1.000000
176 181 1.000000
176 200 1.000000
176 201 1.000000
176 202 1.000000
176 203 1.000000
176 248 1.000000
177 2 1.000000
177 13 1.000000
177 20 1.000000
177 63 1.000000
177 67 1.000000
177 68 1.000000
177 107 1.000000
177 113 1.000000
177 157 1.000000
177 168 1.000000
177 171 1.000000
177 172 1.000000
177 181 1.000000
177 200 1.000000
177 201 1.000000
177 202 1.000000
177 203 1.000000
178 1 1.000000
178 7 1.000000
178 42 1.000000
178 81 1.000000
178 83 1.000000
178 114 1.000000
178 118 1.000000
178 120 1.000000
178 124 1.000000
178 132 1.000000
178 160 1.000000
178 175 1.000000
178 224 1.000000
178 226 1.000000
179 2 1.000000
179 84 1.000000
179 115 1.000000
179 119 1.000000
179 121 1.000000
179 125 1.000000
179 133 1.000000
179 160 1.000000
179 172 1.000000
179 175 1.000000
179 225 1.000000
179 227 1.000000
179 231 1.000000
180 5 1.000000
180 6 1.000000
180 42 1.000000
180 63 1.000000
180 64 1.000000
180 72 1.000000
180 74 1.000000
180 107 1.000000
180 173 1.000000
180 174 1.000000
180 197 1.000000
181 65 1.000000
181 81 1.000000
181 149 1.000000
181 176 1.000000
181 177 1.000000
181 207 1.000000
181 234 1.000000
182 3 1.000000
182 84 1.000000
182 164 1.000000
182 165 1.000000
183 2 1.000000
183 3 1.000000
183 164 1.000000
183 168 1.000000
183 223 1.000000
184 23 1.000000
184 82 1.000000
184 83 1.000000
184 116 1.000000
184 117 1.000000
184 118 1.000000
184 128 1.000000
184 131 1.000000
184 164 1.000000
184 165 1.000000
184 181 1.000000
184 183 1.000000
184 187 1.000000
184 188 1.000000
184 189 1.000000
184 223 1.000000
184 233 1.000000
184 234 1.000000
184 235 1.000000
185 22 1.000000
185 84 1.000000
185 117 1.000000
185 119 1.000000
185 128 1.000000
185 129 1.000000
185 130 1.000000
185 164 1.000000
185 165 1.000000
185 186 1.000000
185 188 1.000000
185 224 1.000000
185 228 1.000000
185 232 1.000000
185 235 1.000000
186 3 1.000000
186 116 1.000000
186 117 1.000000
186 122 1.000000
186 123 1.000000
186 128 1.000000
186 129 1.000000
186 164 1.000000
186 165 1.000000
186 176 1.000000
186 177 1.000000
186 181 1.000000
186 182 1.000000
186 187 1.000000
186 194 1.000000
186 196 1.000000
186 197 1.000000
186 229 1.000000
187 4 1.000000
187 21 1.000000
187 116 1.000000
187 117 1.000000
187 122 1.000000
187 129 1.000000
187 164 1.000000
187 165 1.000000
187 176 1.000000
187 177 1.000000
187 181 1.000000
187 183 1.000000
187 186 1.000000
187 194 1.000000
187 195 1.000000
187 196 1.000000
187 197 1.000000
187 198 1.000000
187 229 1.000000
187 231 1.000000
188 81 1.000000
188 114 1.000000
188 116 1.000000
188 117 1.000000
188 128 1.000000
188 133 1.000000
188 164 1.000000
188 165 1.000000
188 182 1.000000
188 185 1.000000
188 196 1.000000
188 197 1.000000
188 227 1.000000
188 232 1.000000
188 235 1.000000
189 82 1.000000
189 115 1.000000
189 116 1.000000
189 117 1.000000
189 129 1.000000
189 132 1.000000
189 164 1.000000
189 165 1.000000
189 183 1.000000
189 184 1.000000
189 197 1.000000
189 225 1.000000
189 233 1.000000
189 234 1.000000
190 121 1.000000
190 170 1.000000
190 217 1.000000
190 218 1.000000
190 225 1.000000
191 117 1.000000
191 120 1.000000
191 121 1.000000
191 123 1.000000
191 124 1.000000
191 125 1.000000
191 128 1.000000
191 224 1.000000
191 226 1.000000
192 116 1.000000
192 120 1.000000
192 121 1.000000
192 122 1.000000
192 124 1.000000
192 125 1.000000
192 129 1.000000
192 133 1.000000
192 175 1.000000
192 199 1.000000
192 225 1.000000
192 226 1.000000
192 227 1.000000
193 108 1.000000
193 122 1.000000
193 123 1.000000
193 124 1.000000
193 125 1.000000
193 175 1.000000
193 183 1.000000
193 219 1.000000
193 220 1.000000
193 226 1.000000
193 227 1.000000
194 108 1.000000
194 109 1.000000
194 173 1.000000
194 186 1.000000
194 201 1.000000
194 207 1.000000
194 248 1.000000
195 108 1.000000
195 109 1.000000
195 168 1.000000
195 176 1.000000
195 177 1.000000
195 202 1.000000
196 3 1.000000
196 22 1.000000
196 81 1.000000
196 158 1.000000
196 199 1.000000
196 200 1.000000
196 201 1.000000
197 4 1.000000
197 15 1.000000
197 43 1.000000
197 82 1.000000
197 113 1.000000
197 194 1.000000
197 229 1.000000
198 3 1.000000
198 82 1.000000
198 83 1.000000
198 174 1.000000
198 208 1.000000
199 25 1.000000
199 81 1.000000
199 84 1.000000
199 131 1.000000
199 173 1.000000
199 196 1.000000
199 208 1.000000
200 13 1.000000
200 68 1.000000
200 79 1.000000
200 146 1.000000
200 183 1.000000
200 219 1.000000
200 248 1.000000
201 67 1.000000
201 80 1.000000
201 107 1.000000
201 128 1.000000
201 147 1.000000
201 165 1.000000
201 176 1.000000
201 182 1.000000
201 220 1.000000
201 248 1.000000
202 24 1.000000
202 107 1.000000
202 176 1.000000
202 177 1.000000
202 218 1.000000
203 4 1.000000
203 25 1.000000
203 107 1.000000
203 176 1.000000
203 177 1.000000
203 217 1.000000
204 52 1.000000
204 53 1.000000
204 56 1.000000
204 57 1.000000
204 58 1.000000
204 59 1.000000
204 69 1.000000
204 112 1.000000
204 113 1.000000
204 160 1.000000
204 248 1.000000
205 53 1.000000
205 56 1.000000
205 58 1.000000
205 66 1.000000
205 112 1.000000
205 113 1.000000
206 52 1.000000
206 57 1.000000
206 59 1.000000
206 65 1.000000
206 69 1.000000
207 22 1.000000
208 80 1.000000
209 23 1.000000
209 82 1.000000
209 164 1.000000
209 165 1.000000
209 229 1.000000
210 3 1.000000
210 81 1.000000
210 165 1.000000
211 83 1.000000
211 165 1.000000
211 183 1.000000
211 196 1.000000
211 228 1.000000
212 67 1.000000
212 84 1.000000
212 182 1.000000
212 229 1.000000
212 231 1.000000
213 132 1.000000
214 3 1.000000
214 133 1.000000
215 70 1.000000
215 130 1.000000
215 149 1.000000
215 196 1.000000
215 234 1.000000
215 235 1.000000
216 131 1.000000
216 150 1.000000
216 189 1.000000
216 235 1.000000
217 6 1.000000
217 19 1.000000
217 25 1.000000
217 64 1.000000
217 81 1.000000
217 107 1.000000
217 168 1.000000
217 229 1.000000
218 3 1.000000
218 20 1.000000
218 24 1.000000
218 63 1.000000
218 68 1.000000
218 73 1.000000
218 82 1.000000
218 107 1.000000
218 108 1.000000
218 169 1.000000
218 228 1.000000
219 5 1.000000
219 14 1.000000
219 19 1.000000
219 64 1.000000
219 107 1.000000
219 146 1.000000
219 196 1.000000
220 6 1.000000
220 20 1.000000
220 63 1.000000
220 74 1.000000
220 107 1.000000
220 147 1.000000
220 182 1.000000
221 7 1.000000
221 13 1.000000
221 68 1.000000
221 128 1.000000
221 129 1.000000
221 164 1.000000
221 165 1.000000
221 167 1.000000
221 168 1.000000
221 169 1.000000
221 177 1.000000
221 181 1.000000
221 183 1.000000
221 203 1.000000
221 223 1.000000
221 232 1.000000
221 233 1.000000
222 25 1.000000
222 68 1.000000
222 128 1.000000
222 129 1.000000
222 164 1.000000
222 165 1.000000
222 168 1.000000
222 169 1.000000
222 176 1.000000
222 177 1.000000
222 181 1.000000
222 182 1.000000
222 193 1.000000
222 202 1.000000
222 232 1.000000
222 233 1.000000
223 2 1.000000
223 68 1.000000
223 128 1.000000
223 129 1.000000
223 164 1.000000
223 165 1.000000
223 166 1.000000
223 168 1.000000
223 169 1.000000
223 181 1.000000
223 183 1.000000
223 221 1.000000
223 234 1.000000
224 79 1.000000
224 81 1.000000
224 120 1.000000
225 80 1.000000
225 82 1.000000
225 121 1.000000
226 83 1.000000
226 124 1.000000
227 84 1.000000
227 123 1.000000
227 125 1.000000
228 3 1.000000
228 81 1.000000
229 82 1.000000
229 123 1.000000
230 26 1.000000
230 122 1.000000
230 180 1.000000
230 196 1.000000
230 228 1.000000
231 6 1.000000
231 51 1.000000
231 117 1.000000
231 125 1.000000
231 180 1.000000
231 197 1.000000
231 229 1.000000
232 81 1.000000
232 128 1.000000
233 82 1.000000
233 225 1.000000
234 118 1.000000
235 175 1.000000
235 181 1.000000
236 58 1.000000
236 59 1.000000
236 248 1.000000
236 265 1.000000
237 52 1.000000
237 53 1.000000
237 54 1.000000
237 55 1.000000
237 247 1.000000
238 52 1.000000
238 53 1.000000
238 56 1.000000
238 57 1.000000
238 62 1.000000
238 237 1.000000
238 239 1.000000
239 52 1.000000
239 53 1.000000
239 107 1.000000
239 140 1.000000
239 141 1.000000
239 142 1.000000
239 143 1.000000
239 162 1.000000
239 163 1.000000
239 238 1.000000
239 250 1.000000
239 268 1.000000
239 269 1.000000
240 52 1.000000
240 53 1.000000
240 56 1.000000
240 57 1.000000
240 58 1.000000
240 59 1.000000
240 204 1.000000
240 236 1.000000
240 248 1.000000
240 251 1.000000
241 52 1.000000
241 53 1.000000
241 56 1.000000
241 57 1.000000
241 58 1.000000
241 59 1.000000
241 240 1.000000
241 248 1.000000
242 52 1.000000
242 53 1.000000
242 54 1.000000
242 55 1.000000
242 58 1.000000
242 59 1.000000
242 241 1.000000
243 52 1.000000
243 53 1.000000
243 56 1.000000
243 57 1.000000
243 113 1.000000
243 242 1.000000
244 52 1.000000
244 53 1.000000
244 56 1.000000
244 57 1.000000
244 58 1.000000
244 59 1.000000
244 112 1.000000
244 113 1.000000
244 243 1.000000
245 54 1.000000
245 55 1.000000
245 244 1.000000
246 245 1.000000
247 136 1.000000
247 137 1.000000
247 246 1.000000
248 13 1.000000
248 60 1.000000
248 107 1.000000
248 111 1.000000
248 236 1.000000
250 107 1.000000
250 149 1.000000
250 150 1.000000
251 270 1.000000
251 271 1.000000
252 149 1.000000
252 150 1.000000
253 149 1.000000
253 150 1.000000
254 149 1.000000
254 150 1.000000
255 149 1.000000
255 150 1.000000
256 149 1.000000
256 150 1.000000
257 149 1.000000
257 150 1.000000
259 261 1.000000
260 112 1.000000
260 113 1.000000
260 154 1.000000
260 155 1.000000
260 251 1.000000
260 259 1.000000
260 261 1.000000
261 113 1.000000
261 154 1.000000
261 155 1.000000
261 263 1.000000
262 261 1.000000
262 263 1.000000
263 112 1.000000
263 113 1.000000
263 262 1.000000
263 264 1.000000
265 27 1.000000
265 63 1.000000
265 64 1.000000
265 85 1.000000
265 86 1.000000
265 94 1.000000
265 101 1.000000
265 158 1.000000
265 159 1.000000
265 236 1.000000
265 240 1.000000
265 248 1.000000
265 259 1.000000
265 260 1.000000
265 261 1.000000
266 28 1.000000
266 29 1.000000
266 91 1.000000
266 100 1.000000
266 105 1.000000
266 238 1.000000
266 264 1.000000
267 29 1.000000
267 60 1.000000
267 61 1.000000
267 91 1.000000
267 92 1.000000
267 93 1.000000
267 100 1.000000
267 106 1.000000
267 238 1.000000
267 264 1.000000
268 69 1.000000
268 92 1.000000
268 93 1.000000
268 106 1.000000
268 154 1.000000
268 155 1.000000
268 239 1.000000
268 264 1.000000
269 52 1.000000
269 53 1.000000
269 239 1.000000
269 264 1.000000
270 30 1.000000
270 31 1.000000
270 58 1.000000
270 59 1.000000
270 85 1.000000
270 86 1.000000
270 94 1.000000
270 95 1.000000
270 101 1.000000
270 240 1.000000
270 241 1.000000
270 248 1.000000
270 251 1.000000
270 261 1.000000
271 31 1.000000
271 32 1.000000
271 54 1.000000
271 55 1.000000
271 58 1.000000
271 59 1.000000
271 86 1.000000
271 87 1.000000
271 94 1.000000
271 95 1.000000
271 96 1.000000
271 102 1.000000
271 154 1.000000
271 155 1.000000
271 241 1.000000
271 251 1.000000
271 261 1.000000
272 32 1.000000
272 33 1.000000
272 87 1.000000
272 88 1.000000
272 94 1.000000
272 95 1.000000
272 96 1.000000
272 97 1.000000
272 102 1.000000
272 154 1.000000
272 155 1.000000
272 242 1.000000
272 243 1.000000
272 260 1.000000
272 261 1.000000
273 33 1.000000
273 34 1.000000
273 88 1.000000
273 95 1.000000
273 96 1.000000
273 97 1.000000
273 98 1.000000
273 103 1.000000
273 243 1.000000
273 261 1.000000
274 34 1.000000
274 35 1.000000
274 88 1.000000
274 89 1.000000
274 96 1.000000
274 97 1.000000
274 98 1.000000
274 99 1.000000
274 103 1.000000
274 245 1.000000
274 261 1.000000
275 35 1.000000
275 36 1.000000
275 89 1.000000
275 97 1.000000
275 98 1.000000
275 99 1.000000
275 104 1.000000
275 245 1.000000
275 261 1.000000
275 264 1.000000
276 36 1.000000
276 37 1.000000
276 90 1.000000
276 98 1.000000
276 99 1.000000
276 100 1.000000
276 104 1.000000
276 247 1.000000
276 264 1.000000
277 28 1.000000
277 37 1.000000
277 90 1.000000
277 99 1.000000
277 100 1.000000
277 105 1.000000
277 247 1.000000
277 264 1.000000
