%%MatrixMarket matrix coordinate real general
128 128 2106
1 2 5.217257
1 3 73.88673
1 4 0.085891
1 5 0.445422
1 6 0.613985
1 7 0.713598
1 8 0.015419
1 9 10.5
1 10 280
1 11 33
1 12 20
1 13 111
1 14 74
1 15 110
1 16 0.0547
1 17 0.00101
1 18 6
1 19 13
10 20 1.999959
11 20 0.1999924
12 20 9.499484
14 20 1.440117
21 20 0.2131198
22 20 0.009545992
23 20 0.02771646
17 20 4.560008e-07
24 20 0.003898825
25 20 0.008164008
26 20 4.154908e-05
27 20 0.00224752
28 20 1.213773e-06
29 20 4.12874e-06
30 20 1.892561e-06
31 20 0.001244717
32 20 4.530201e-07
33 20 0.000175455
34 20 5.80193e-05
35 20 0.0001261102
36 20 0.0003741038
37 20 0.0002614266
38 20 0.0002939244
39 20 1.389171e-07
40 20 0.01052429
41 20 2.806948e-05
42 20 1.187774e-06
43 20 0.003528868
44 20 0.001181968
45 20 0.00100656
46 20 2.635806e-05
47 20 1.774099e-07
48 20 9.972789e-05
49 20 0.002102994
50 20 0.002917869
51 20 4.233221e-06
52 20 4.399667e-08
53 20 4.458131e-08
54 20 3.116661e-08
55 20 1.175493e-08
56 57 98.57725
58 57 131.7417
59 57 10.30372
60 57 1.777397
61 57 8.420456
62 57 0.1513523
63 57 10.1549
16 57 0.5433115
64 57 6.132217
65 57 92.30348
66 57 8.355318
67 57 33.22267
68 57 0.2206373
69 57 0.01278341
70 57 0.02189327
71 57 0.784465
72 57 0.8166678
73 57 0.2955108
74 57 0.03431286
75 57 0.03052864
76 57 1.257247
77 57 1.003679
78 57 0.5748582
79 57 0.861082
80 57 0.06987687
81 57 0.1308636
82 57 0.179448
83 57 0.5268657
84 57 1.115689
85 57 0.5730832
21 57 0.8326603
86 57 0.03743321
22 57 0.0629234
87 57 0.03162219
88 57 0.2758961
89 57 0.008551728
23 57 0.1157726
17 57 0.002109508
24 57 4.533258e-05
25 57 0.01711378
26 57 0.0006843972
27 57 0.0006438103
90 57 0.01680206
91 57 8.366405e-05
92 57 0.2361102
28 57 0.001681519
29 57 0.005822259
93 57 0.01242945
30 57 0.006009595
94 57 0.001174507
31 57 0.009963437
32 57 0.003695391
95 57 0.000837232
96 57 0.09857345
97 57 0.0171028
33 57 0.0002803466
98 57 0.001466666
99 57 0.004999329
100 57 0.006930753
101 57 0.01069662
102 57 0.003262259
34 57 2.661256e-05
35 57 0.0003491683
36 57 0.0002068915
37 57 0.004947244
38 57 0.0009863903
39 57 0.01046735
40 57 0.02019955
41 57 0.0001262605
42 57 0.06385782
43 57 0.01909301
44 57 0.003165733
45 57 7.413788e-05
46 57 0.01735715
47 57 0.001707448
48 57 3.804362e-06
49 57 0.00187912
50 57 0.01288548
103 57 0.006233581
104 57 0.06426146
105 57 0.004128098
51 57 0.008512392
52 57 0.01697898
53 57 0.02934476
54 57 0.0003020928
55 57 0.008161141
106 57 1.19914e-05
107 57 0.0002819773
108 57 0.03080462
109 57 0.006901419
110 57 0.01493214
111 57 0.009545228
112 57 0.004525414
113 57 0.005417407
114 57 0.002620989
115 57 0.005259204
116 57 0.0005152674
117 57 0.0008054182
118 57 0.003662358
119 57 0.001205637
120 57 0.004377066
121 57 4.096508e-05
122 57 0.0009972956
123 57 0.001301356
124 57 0.0006555936
125 57 4.699908e-06
126 57 0.002133797
127 57 0.001764249
18 57 6.071713
128 57 306.6243
2 58 2.340257
2 59 0.1615289
2 60 0.1506389
2 61 0.7215227
2 62 0.013023
2 63 0.9649457
2 64 0.03353699
2 68 0.01649599
2 71 0.003484999
2 72 0.09257797
2 78 0.05561098
2 95 1.909999e-05
2 97 0.0004379998
2 98 1.14e-05
2 19 0.6631647
3 58 33.1427
3 59 2.287573
3 60 2.133343
3 61 10.2182
3 62 0.184435
3 63 13.66555
3 64 7.455268
3 68 0.293705
3 71 0.039153
3 72 0.895905
3 73 0.1405
3 76 0.365358
3 78 0.51865
3 79 0.100665
3 80 0.00736
3 81 0.020831
3 21 0.093853
3 87 0.005149
3 98 0.00038
3 42 0.011417
3 47 0.000167
3 49 0.000802
3 19 2.305766
4 60 0.002867085
4 61 0.01373199
4 62 0.0002481805
4 64 0.0100313
4 71 6.314592e-05
4 98 2.431768e-06
4 42 1.461062e-05
4 47 1.280931e-06
4 49 1.130822e-06
4 19 0.05892985
5 58 0.1997986
5 59 0.01378997
5 60 0.01286097
5 61 0.06159987
5 62 0.001111998
5 63 0.08238181
5 64 0.0449439
5 68 0.001767996
5 69 0.001796996
5 72 0.00904698
5 78 0.005180988
5 19 0.01114197
6 59 0.02091016
6 60 0.01950015
6 61 0.09340271
6 62 0.001686013
6 64 0.06814753
6 68 0.001639013
6 69 0.002725021
6 72 0.1170259
6 78 0.005944046
6 21 0.08248563
6 95 2.900022e-05
6 97 0.0006640051
6 98 1.730013e-05
6 19 0.1998085
7 59 0.024303
7 60 0.022664
7 61 0.108556
7 62 0.001959
7 16 0.02926501
7 64 0.07920302
7 68 0.002907
7 72 0.015269
7 78 0.008741002
7 95 3.37e-05
7 97 0.0007720001
7 98 2.02e-05
7 19 0.4199051
8 59 0.0005830506
8 60 0.0005440472
8 61 0.002606226
8 62 4.700408e-05
8 64 0.001711148
8 68 4.170362e-05
8 71 1.130098e-05
8 72 0.0001440125
8 78 8.380727e-05
8 95 7.280631e-07
8 97 1.670145e-05
8 98 4.350377e-07
8 19 0.009628835
9 65 2.896966
9 66 0.3121011
9 67 1.205648
9 71 0.006229603
9 73 0.1117817
9 76 0.3052129
9 77 0.01890461
9 79 0.3202118
9 80 0.04387799
9 81 0.1379949
9 82 0.1501049
9 84 0.2569416
9 21 0.0149429
9 87 0.02620607
9 98 0.000302319
9 55 1.333461e-05
9 128 4.692561
10 82 0.08111634
10 83 0.3626406
10 85 0.007428848
10 21 0.2106247
10 88 0.193396
10 31 0.006725862
10 42 0.006390869
10 55 0.001920961
10 114 0.001117977
10 115 0.001052978
10 124 0.00242395
10 127 0.001142977
10 18 83.13721
10 128 110.8496
10 19 83.13721
11 82 0.008672672
11 83 0.04120844
11 85 0.0008439681
11 21 0.02393409
11 88 0.02197617
11 31 0.0007639711
11 42 0.0007259726
11 55 0.0002179918
11 114 0.0005079808
11 115 0.0004789819
11 127 0.0002599902
11 18 9.810125
11 128 13.08017
11 19 9.810125
12 82 0.007363601
12 83 0.02966939
12 85 0.000607967
12 21 0.01723206
12 88 0.01582314
12 31 0.0005499701
12 42 0.0005229716
12 55 0.0001569915
12 114 0.0003659801
12 115 0.0003449813
12 127 0.0003739797
12 18 3.128252
12 128 4.171001
12 19 3.128252
13 128 111
14 98 0.0004207199
14 42 0.02533371
14 47 0.0004454076
14 49 0.0009782508
14 55 0.0001861865
14 18 21.75976
14 128 29.01301
14 19 21.75976
15 71 0.612029
15 74 0.05881255
15 82 0.1574601
15 83 0.4335194
15 84 2.065216
15 85 0.05328769
15 21 0.1085303
15 86 0.06157349
15 88 0.02889929
15 31 0.007690812
15 98 0.001977951
15 41 1.349967e-05
15 42 0.004357893
15 47 0.001569961
15 49 0.003097924
15 55 0.001309968
15 114 0.0007619812
15 115 0.0007179824
15 124 0.0008269797
15 127 0.0003899904
15 18 31.91939
15 128 42.55919
15 19 31.91939
56 58 26.01588
56 59 2.341136
56 60 0.782566
56 61 3.748304
56 62 0.06765579
56 63 4.915469
56 64 2.710913
56 68 0.02922151
56 72 0.2504139
56 18 26.98428
58 59 8.308995
58 60 1.402419
58 61 6.71725
58 62 0.1212441
58 63 9.304338
58 64 4.858165
58 68 0.03054776
58 72 0.09616339
58 78 0.1497201
58 18 119.8148
59 60 0.08488858
59 61 0.4065979
59 62 0.007339258
59 64 0.2940665
59 68 0.001848984
59 72 0.005820717
59 78 0.009539004
59 18 9.469094
60 16 0.06831508
60 69 0.002048419
60 70 0.001687234
60 71 0.0002936545
60 21 0.01047743
60 90 0.000614935
60 91 2.097532e-05
60 92 0.01648558
60 31 0.0001432461
60 95 2.179387e-05
60 96 0.001776251
60 97 0.0004993149
60 99 0.0007755753
60 100 0.0003529993
60 101 0.0007172536
60 102 2.117996e-05
60 35 1.64733e-05
60 36 5.729843e-06
60 39 0.0001903127
60 40 0.001681095
60 43 0.0003253733
60 44 0.0001094809
60 104 0.007690268
60 105 0.0003929036
60 51 9.239373e-05
60 54 1.074346e-06
60 18 2.840403
61 16 0.3197658
61 69 0.009577885
61 70 0.0179882
61 71 0.001373608
61 21 0.04898831
61 90 0.002875487
61 91 9.817257e-05
61 92 0.07713212
61 31 1.181707e-05
61 95 0.0001020106
61 96 0.008310328
61 97 0.002334123
61 99 0.003990533
61 100 0.001649339
61 101 0.002288673
61 102 0.0005666133
61 35 5.25203e-05
61 36 2.686616e-05
61 39 0.0008877952
61 40 0.007858855
61 43 0.001523089
61 44 0.000513083
61 104 0.03001535
61 105 0.002520974
61 51 0.0004757128
61 54 3.44412e-06
61 18 13.70643
62 16 0.005599047
62 69 0.0001669716
62 70 0.0001369767
62 71 2.389593e-05
62 21 0.0008528549
62 90 5.009148e-05
62 91 1.709709e-06
62 92 0.001343771
62 31 0.000487917
62 95 1.779697e-06
62 96 0.0001449753
62 97 4.069308e-05
62 99 6.318925e-05
62 100 2.869512e-05
62 101 3.989321e-05
62 102 9.86832e-06
62 35 9.138445e-07
62 36 4.669206e-07
62 39 1.549736e-05
62 40 0.0001369767
62 43 2.649549e-05
62 44 8.928481e-06
62 104 0.0006268933
62 105 3.199456e-05
62 51 7.528719e-06
62 54 5.988981e-08
62 18 0.2479468
63 16 0.2327974
63 69 0.006981906
63 70 9.519869e-05
63 71 0.001001141
63 21 0.03570904
63 90 0.002095575
63 91 7.162472e-05
63 92 0.06184604
63 31 0.0004363691
63 95 7.433321e-05
63 96 0.006662904
63 97 0.00187087
63 99 0.002909127
63 100 0.0006610741
63 101 0.001834756
63 102 0.0002267113
63 35 3.821991e-05
63 36 1.956137e-05
63 39 0.00064703
63 40 0.002993392
63 43 0.001110484
63 44 0.0003741739
63 104 0.02196792
63 105 0.002018332
63 51 0.0003149883
63 54 2.507868e-06
63 18 19.14843
16 70 0.005982061
16 90 6.679203e-05
16 91 7.514105e-05
16 92 0.03147262
16 31 6.825311e-06
16 95 1.283659e-06
16 96 0.02219687
16 97 2.932588e-05
16 33 2.95346e-05
16 99 0.001815908
16 51 1.252351e-05
16 18 0.3652961
64 16 0.2537075
64 69 0.007195529
64 70 0.004847625
64 71 0.0009288294
64 78 0.0005925109
64 21 0.0003679472
64 90 0.00216024
64 91 7.38003e-05
64 92 0.05214623
64 31 0.0005050049
64 95 7.664687e-05
64 96 0.005038451
64 97 0.001578272
64 99 0.002453333
64 100 0.0005577193
64 101 0.001736415
64 102 0.0001918808
64 51 0.0002920383
64 18 9.497857
65 66 9.161333
65 67 33.0309
65 73 0.00477174
65 76 0.001437199
65 77 0.01734997
65 78 0.009262613
65 79 0.04701921
65 80 0.09821557
65 81 0.2779949
65 49 0.0004222955
65 128 49.67424
66 67 3.724224
66 73 0.0003322478
66 76 0.5372583
66 77 0.00120846
66 78 0.0007336703
66 79 0.003274265
66 80 0.006838855
66 81 0.02150702
66 49 2.945162e-05
66 128 7.739161
67 71 0.026765
67 73 0.005237543
67 77 0.7617334
67 79 0.425774
67 85 0.01821349
67 21 0.2755237
67 22 0.05211704
67 87 0.01860005
67 91 2.194272e-05
67 40 0.00805421
67 43 0.004263451
67 47 0.001610842
67 49 0.001414998
67 51 0.003440086
67 55 0.001305284
67 128 86.25223
68 71 0.1480688
68 90 0.002908563
68 39 0.002651776
68 41 2.264574e-06
68 42 0.01026843
68 47 0.0006682516
68 52 0.004991162
68 55 0.0001081739
68 123 0.0002173587
68 125 1.617553e-05
68 127 3.851798e-05
68 18 0.07674076
69 46 0.0003818928
69 47 2.125134e-05
69 52 0.000158859
69 128 0.0171473
70 71 0.06322218
70 39 7.245269e-05
70 42 0.00730496
70 46 0.006909763
70 52 0.002013032
70 123 0.0001049741
70 125 1.193823e-07
70 128 0.01534988
71 77 0.04538731
71 22 0.006990653
71 29 0.003882127
71 47 0.0001946611
71 52 0.01813777
71 53 0.0004932087
71 55 0.0003933566
71 107 5.43639e-06
71 123 0.0002551775
71 125 2.904787e-07
71 127 7.241796e-05
71 128 0.2393413
72 71 0.05864134
72 75 0.01372629
72 77 0.09814812
72 85 0.06281197
72 88 0.02919842
72 89 0.001335651
72 23 0.01850008
72 17 0.0003940272
72 24 0.000229344
72 25 0.02752027
72 27 0.000638526
72 90 0.003074422
72 91 3.74831e-05
72 29 0.0003081495
72 95 0.0005354729
72 96 0.013209
72 97 0.01224616
72 36 0.000281881
72 39 0.003712948
72 40 0.005748755
72 41 6.112472e-05
72 42 0.0005718446
72 43 0.001792318
72 45 0.0001626625
72 47 6.769185e-05
72 52 0.0001131565
72 53 0.005140539
72 55 2.465195e-06
72 107 6.647946e-06
72 110 0.0003384592
72 111 0.0002182304
72 112 0.0001667038
72 113 0.0001171978
72 114 0.0001555902
72 115 0.000647619
72 116 1.070946e-05
72 118 0.0002647054
72 119 9.638511e-05
72 120 0.0002707674
72 123 0.0008314983
72 125 9.466755e-07
72 126 3.404799e-05
72 127 8.850456e-05
72 128 0.652121
73 71 0.003725924
73 75 0.02564019
73 85 0.03620546
73 22 0.007063561
73 17 2.282842e-05
73 24 1.589836e-05
73 25 0.001752896
73 27 4.066312e-05
73 90 0.006113735
73 91 6.97082e-05
73 29 0.0001243334
73 95 6.196286e-05
73 96 0.01873866
73 97 0.001417604
73 101 0.0005554236
73 36 1.630601e-05
73 39 0.0005207732
73 40 0.0003332541
73 41 3.546558e-06
73 42 0.0004412815
73 45 2.068825e-05
73 52 0.0007327514
73 53 0.002039271
73 55 1.589836e-05
73 110 0.0002150356
73 111 0.0001386011
73 112 0.0001059891
73 113 7.449809e-05
73 114 9.875329e-05
73 115 0.000412746
73 116 6.797569e-06
73 118 0.0001691749
73 119 6.135138e-05
73 120 0.0001722323
73 123 0.0001589836
73 125 1.803853e-07
73 127 5.635766e-06
73 128 0.09465742
74 17 3.33023e-06
74 24 2.108798e-06
74 25 0.00025577
74 27 5.940129e-06
74 90 0.0008925853
74 91 1.01786e-05
74 29 4.927488e-05
74 96 0.002736217
74 39 7.610464e-05
74 40 4.854411e-05
74 41 5.167599e-07
74 42 6.441228e-05
74 45 1.513741e-05
74 52 0.0001064839
74 53 0.0002975284
74 55 2.31759e-06
74 112 1.5555e-05
74 114 1.440664e-05
74 115 6.023646e-05
74 118 2.463744e-05
74 119 8.967611e-06
74 120 2.515942e-05
74 123 2.31759e-05
74 128 0.01976111
75 17 2.832586e-06
75 24 2.095906e-06
75 25 0.0002189288
75 27 5.063377e-06
75 90 0.0007605441
75 91 8.674146e-06
75 29 4.202188e-05
75 36 2.033652e-06
75 39 6.484858e-05
75 40 4.139933e-05
75 41 4.409704e-07
75 42 5.488784e-05
75 45 1.286596e-05
75 52 0.0007460181
75 53 0.0002542064
75 55 1.981773e-06
75 114 1.224341e-05
75 115 5.136008e-05
75 118 2.095906e-05
75 119 7.636569e-06
75 120 2.137409e-05
75 123 1.981773e-05
75 128 0.01827381
76 77 0.1388486
76 85 0.09129722
76 88 0.01421771
76 25 0.009834493
76 27 0.0002282071
76 29 0.002021997
76 93 2.713814e-05
76 96 0.004360606
76 36 9.148844e-05
76 39 0.00843955
76 40 0.01106599
76 41 2.672696e-05
76 42 0.01228721
76 43 0.002565788
76 47 2.199834e-05
76 104 0.01143091
76 105 0.001168791
76 51 0.0009580586
76 52 0.004109784
76 53 0.0002539061
76 55 8.922692e-05
76 110 0.0002415706
76 111 0.0001552219
76 112 0.0001192434
76 113 8.357314e-05
76 114 2.775492e-05
76 115 0.000231291
76 116 3.813731e-06
76 118 0.0001891446
76 119 0.0001151315
76 120 0.0003217515
76 123 0.0002970804
76 125 3.381988e-07
76 127 3.166117e-05
76 128 0.8364037
77 85 0.1992266
77 88 0.01395364
77 25 0.008774941
77 27 0.0002039261
77 29 0.001292891
77 93 2.661236e-05
77 96 0.00388989
77 36 8.157044e-05
77 39 0.007529972
77 40 0.00888608
77 41 2.385935e-05
77 42 0.01096307
77 43 0.002289071
77 47 1.967887e-05
77 104 0.01019834
77 105 0.001043082
77 51 0.0008850393
77 52 0.003666591
77 53 0.000226358
77 55 7.963314e-05
77 107 1.060416e-05
77 110 0.0002161617
77 111 0.0001386698
77 112 0.0001060416
77 113 7.453499e-05
77 114 2.477702e-05
77 115 0.000206985
77 116 3.405566e-06
77 118 0.0001692587
77 119 0.0001029827
77 120 0.0002875358
77 123 0.0002651039
77 125 3.018106e-07
77 127 2.824376e-05
77 128 0.3098769
78 77 0.1280847
78 88 0.01285363
78 25 0.004534391
78 27 0.0001053576
78 29 0.0009672831
78 93 1.254257e-05
78 96 0.002009822
78 97 0.001003406
78 36 4.214304e-05
78 39 0.004894613
78 40 0.005101315
78 41 1.234189e-05
78 42 0.005664225
78 43 0.002186421
78 47 1.01344e-05
78 104 0.009810298
78 105 0.0009943751
78 51 0.0004404951
78 52 0.001883392
78 53 0.0001284359
78 55 4.093896e-05
78 107 5.478596e-06
78 110 0.000111378
78 111 7.174351e-05
78 112 5.508697e-05
78 113 3.853078e-05
78 114 1.274325e-05
78 115 0.000106361
78 116 1.75596e-06
78 118 8.72963e-05
78 119 5.297982e-05
78 120 0.0001485041
78 123 0.0001374666
78 125 1.555279e-07
78 127 1.454938e-05
78 128 0.1883804
79 77 0.07588175
79 21 0.004346227
79 22 0.008220548
79 25 0.002269639
79 27 5.27063e-05
79 90 0.004732331
79 91 3.513753e-07
79 29 0.007457533
79 95 8.028518e-05
79 96 0.01799675
79 97 0.0003146035
79 36 2.11438e-05
79 39 0.0003666969
79 40 0.0001266585
79 42 0.04191377
79 43 0.0001348301
79 46 0.00205718
79 47 2.543385e-05
79 49 2.022451e-05
79 51 0.0002706816
79 53 0.0006077567
79 55 2.063308e-05
79 110 0.0002788531
79 111 0.0001797734
79 112 0.0001378944
79 113 9.642392e-05
79 118 0.0002185881
79 119 7.957016e-05
79 120 0.0002226739
79 127 7.293081e-06
79 128 0.2572936
80 70 0.0007270331
80 71 8.465034e-05
80 77 0.01896413
80 21 0.0005514015
80 22 0.001149774
80 88 0.02510102
80 25 0.005557923
80 27 6.667874e-06
80 90 0.0005238314
80 91 5.28937e-06
80 29 0.003892486
80 95 1.019072e-05
80 96 0.01187045
80 97 0.003103165
80 33 1.092592e-06
80 100 8.240389e-05
80 101 0.001279456
80 102 2.828485e-05
80 36 2.68553e-06
80 39 0.003925162
80 40 0.000448269
80 41 1.480615e-06
80 42 0.002508877
80 43 1.868638e-05
80 45 0.0008168911
80 46 0.0002899964
80 49 2.828486e-06
80 103 0.0003849599
80 104 0.01471629
80 105 0.0002808063
80 51 6.882307e-05
80 53 0.002726374
80 55 0.001024177
80 128 0.04050963
81 70 0.02695786
81 71 0.0006990546
81 77 0.01889788
81 85 0.160228
81 22 0.01281295
81 88 0.03926
81 17 0.00125667
81 90 0.002498077
81 91 2.442112e-05
81 92 0.008337778
81 93 2.981412e-05
81 32 0.002256918
81 95 0.0001149828
81 96 0.003650958
81 97 0.002639516
81 33 1.241407e-05
81 99 0.00217348
81 100 0.005262751
81 101 0.004223837
81 102 0.001807163
81 39 0.0008720375
81 40 0.003433203
81 41 1.129477e-05
81 42 0.02298943
81 43 0.00103281
81 44 0.0004863873
81 45 9.49371e-05
81 46 0.002430919
81 49 2.157199e-05
81 103 0.003223588
81 104 0.002805376
81 105 0.0002869482
81 51 0.000576949
81 53 0.001294319
81 55 0.002064602
81 127 7.010896e-06
81 128 0.163302
82 70 0.007273769
82 71 0.0009412635
82 77 0.05132065
82 85 0.03032814
82 22 0.005572604
82 88 0.02044437
82 90 0.002749827
82 91 2.684982e-05
82 92 0.008070145
82 93 3.647523e-05
82 32 0.001985874
82 95 0.0002097326
82 96 0.005556393
82 97 0.004310156
82 33 2.249306e-05
82 99 0.0003059866
82 100 0.006771221
82 101 0.006112641
82 102 0.00290586
82 39 0.0009605143
82 40 0.003576599
82 41 1.246237e-05
82 42 0.02079291
82 43 0.001136811
82 44 0.000423518
82 45 0.0001043597
82 46 0.001663676
82 49 2.37089e-05
82 103 0.002536041
82 104 0.003089249
82 105 0.0003161186
82 51 0.0006352769
82 53 0.0003049735
82 55 0.001037518
82 127 9.4329e-06
82 128 0.1720496
83 70 0.0159957
83 71 0.001862013
83 77 0.07432944
83 22 0.02116952
83 27 0.000136074
83 90 0.005147801
83 91 5.753131e-06
83 92 0.01675912
83 95 0.0002071127
83 97 0.000810441
83 33 2.221209e-05
83 99 0.0006063299
83 100 8.074394e-05
83 101 0.001393758
83 102 2.771508e-05
83 36 5.432956e-05
83 37 0.003008637
83 39 0.003055663
83 40 0.008311522
83 41 2.741492e-05
83 42 0.001016553
83 43 0.00250036
83 45 0.0001150626
83 46 0.005297882
83 49 5.222842e-05
83 103 0.003902123
83 51 0.00069838
83 55 5.302885e-05
83 127 1.871018e-05
83 128 0.1735064
84 70 0.02286267
84 85 0.1877307
84 89 0.0002657279
84 23 0.003685968
84 27 0.0001942632
84 90 0.002857582
84 91 0.000177152
84 92 0.02000207
84 28 0.001593361
84 29 0.0001318574
84 93 0.0009542048
84 30 0.004138914
84 94 0.001275293
84 32 0.003174643
84 95 0.0002959243
84 96 0.0307419
84 97 0.001158534
84 33 6.965293e-05
84 99 0.0001248116
84 100 0.0004781089
84 101 0.002938105
84 102 0.0001640668
84 34 1.781585e-05
84 35 0.0002023156
84 36 7.770528e-05
84 37 0.002058385
84 38 0.0006351299
84 39 0.0006864638
84 40 0.003267246
84 41 1.670865e-05
84 42 0.0001016611
84 43 0.008081551
84 44 0.001967796
84 45 0.0002466036
84 46 0.003785616
84 103 0.001023656
84 51 0.0009793685
84 53 0.001690996
84 54 1.32864e-05
84 55 0.0001187723
84 106 5.878224e-07
84 107 1.002519e-05
84 108 0.0009713161
84 109 0.0002194268
84 110 0.001020637
84 111 0.000657274
84 112 0.000504279
84 113 0.0003522908
84 114 0.0002335185
84 115 0.0009773553
84 116 1.610472e-05
84 118 0.0007991968
84 119 0.0002908915
84 120 0.0008153016
84 121 3.090094e-06
84 122 0.0002737803
84 123 0.001505791
84 125 1.711127e-06
84 126 1.026676e-05
84 127 2.667345e-05
84 18 0.8877929
85 70 0.01130595
85 89 0.001788765
85 23 0.02477111
85 24 2.122792e-06
85 25 0.004134242
85 27 9.594189e-05
85 90 0.002828309
85 91 0.0001748182
85 92 0.009900121
85 28 0.003784606
85 29 0.0002861607
85 93 0.0004724253
85 30 0.002048911
85 94 0.0006316348
85 95 2.924042e-05
85 96 0.003042669
85 97 0.0006690958
85 33 3.444335e-05
85 99 6.16026e-05
85 100 0.0002362127
85 101 0.0007273686
85 102 8.116559e-05
85 34 8.803345e-06
85 35 0.0001003123
85 36 3.850163e-05
85 37 0.002127995
85 38 0.0006566088
85 39 0.0003735698
85 40 0.005290332
85 41 1.248701e-05
85 42 5.046835e-05
85 43 0.004399591
85 44 0.004235179
85 45 0.0001623312
85 46 0.003053075
85 103 0.0007429774
85 51 0.0007898036
85 53 0.004849124
85 54 6.576494e-06
85 55 7.773166e-05
85 106 2.913636e-07
85 107 4.963588e-06
85 108 0.00048075
85 109 0.0001082208
85 110 0.0005046835
85 111 0.0003257029
85 112 0.0002497403
85 113 0.0001748182
85 114 0.0001155049
85 115 0.0004838718
85 116 7.970877e-06
85 118 0.0003954221
85 119 0.0001436007
85 120 0.0004037468
85 121 1.529659e-06
85 122 0.000135276
85 123 0.0007450585
85 125 8.480764e-07
85 126 5.078052e-06
85 127 1.321542e-05
85 128 0.228964
21 24 8.062297e-05
21 25 0.006068471
21 27 0.0001406097
21 90 0.001037882
21 91 6.433652e-05
21 92 0.003632586
21 28 0.002417678
21 29 0.0002205246
21 93 0.0006929326
21 30 0.003006417
21 94 0.0009266078
21 96 0.004466128
21 33 5.057902e-05
21 99 2.488488e-05
21 100 0.0003469721
21 101 0.001067217
21 102 0.0001193665
21 34 1.426329e-05
21 35 0.0001476908
21 36 5.644619e-05
21 37 0.003435328
21 38 0.001060136
21 39 0.0004987092
21 40 0.002373168
21 41 1.213897e-05
21 42 8.153339e-05
21 43 0.005870202
21 44 0.002680688
21 45 0.0003935048
21 46 0.006110958
21 103 0.001487023
21 51 0.001739918
21 54 9.650478e-06
21 55 6.059367e-05
21 106 3.500068e-07
21 107 5.968325e-06
21 108 0.0005786241
21 109 0.0001304939
21 110 0.0006079599
21 111 0.0003914817
21 112 0.0003004394
21 113 0.0002104087
21 114 0.0001395981
21 115 0.0005816588
21 116 9.599898e-06
21 118 0.0004764544
21 119 0.0001729803
21 120 0.0004855586
21 121 1.841076e-06
21 122 0.0001628645
21 123 0.000897272
21 125 1.021696e-06
21 126 6.109946e-06
21 127 1.588181e-05
21 128 0.2213267
86 70 0.0002219953
86 27 2.599945e-06
86 90 0.001228974
86 91 7.619838e-05
86 92 0.002150954
86 28 3.579924e-05
86 30 4.449906e-05
86 94 1.369971e-05
86 95 3.159933e-06
86 96 0.000328993
86 97 7.229846e-05
86 33 7.449842e-07
86 99 1.339972e-05
86 100 2.529946e-05
86 101 3.109934e-05
86 102 8.669816e-06
86 37 4.599903e-05
86 38 1.41997e-05
86 39 7.349844e-06
86 40 3.499926e-05
86 43 8.639817e-05
86 44 1.989958e-05
86 45 5.269888e-06
86 46 8.99981e-05
86 103 2.189953e-05
86 51 2.32995e-05
86 18 0.01953259
22 17 0.0001105752
22 24 7.202607e-06
22 25 0.0006431624
22 26 5.620063e-05
22 27 1.491244e-05
22 29 0.00015724
22 34 1.36951e-06
22 43 0.001801666
22 46 0.0002657864
22 53 0.0004960669
22 106 4.524455e-08
22 107 7.719979e-07
22 112 3.88535e-05
22 113 2.718731e-05
22 118 6.157723e-05
22 119 2.241938e-05
22 120 6.279457e-05
22 122 2.099915e-05
22 123 0.0001156475
22 125 1.318787e-07
22 128 0.03872264
87 89 0.0005540386
87 23 0.007669492
87 24 6.062678e-06
87 25 0.0001863864
87 26 2.068684e-05
87 27 0.002344167
87 28 7.41449e-05
87 29 0.0002293986
87 93 0.004893154
87 30 9.216909e-05
87 94 2.83676e-05
87 96 0.001148017
87 97 1.290367e-05
87 33 5.151227e-06
87 34 3.963271e-07
87 36 1.730731e-06
87 42 0.0009452451
87 46 0.0001874105
87 103 9.411488e-05
87 52 7.772927e-05
87 53 0.006093401
87 112 1.669285e-05
87 114 7.772926e-06
87 115 3.2464e-05
87 118 2.652422e-05
87 119 9.667514e-06
87 120 2.713867e-05
87 122 9.083776e-06
87 123 5.007854e-05
87 125 5.694001e-08
87 128 0.01740152
88 85 0.02472333
88 89 0.008983086
88 23 0.1244311
88 17 2.309435e-05
88 24 4.443601e-05
88 25 0.002717711
88 26 0.0003361053
88 27 7.000476e-05
88 28 0.001203175
88 29 0.00236614
88 93 0.004926108
88 30 0.001495978
88 94 0.0004608561
88 96 0.01862291
88 97 8.371703e-05
88 33 8.361393e-05
88 34 6.433427e-06
88 36 2.804314e-05
88 40 0.0008227364
88 41 6.031338e-06
88 42 0.000509313
88 43 0.004272455
88 46 0.00124957
88 103 0.001533094
88 51 0.003462091
88 52 0.001261942
88 53 0.003404355
88 55 2.742454e-05
88 106 2.123856e-07
88 107 3.618803e-06
88 110 0.0003690973
88 111 0.0002371295
88 112 0.0001824866
88 113 0.0001278437
88 114 8.454183e-05
88 115 0.0003536323
88 116 5.825138e-06
88 118 0.0002886794
88 119 0.0001051618
88 120 0.0002948654
88 121 1.113478e-06
88 122 9.87696e-05
88 123 0.0005443669
88 125 6.196298e-07
88 127 9.650141e-06
88 128 0.1462708
89 24 0.0004488988
89 25 7.999871e-05
89 26 8.895609e-06
89 28 3.17112e-05
89 29 9.863418e-05
89 93 0.0001297276
89 30 3.933012e-05
89 94 1.21491e-05
89 33 2.203311e-06
89 34 1.688518e-07
89 36 7.392416e-07
89 46 3.655025e-05
89 52 3.315262e-05
89 53 0.001410531
89 119 2.769582e-06
89 128 0.002722221
23 24 0.0002265247
23 25 0.0005104494
23 26 7.236491e-05
23 27 1.178749e-05
23 28 0.0002029497
23 29 0.0006293493
23 93 0.000833324
23 30 0.0002531747
23 94 7.78999e-05
23 33 1.414498e-05
23 34 1.086499e-06
23 36 4.745744e-06
23 46 0.0002111497
23 52 0.0002131997
23 53 0.003408121
23 106 8.230739e-08
23 107 1.404248e-06
23 112 7.051991e-05
23 113 4.930244e-05
23 114 3.269746e-05
23 115 0.0001363248
23 116 2.254997e-06
23 118 0.0001117249
23 119 4.069245e-05
23 120 0.0001137749
23 121 4.325495e-07
23 122 3.823245e-05
23 123 0.0002111497
23 125 2.398497e-07
23 128 0.03753853
17 24 1.513277e-05
17 26 1.997526e-06
17 29 2.209385e-05
17 34 3.995052e-08
17 46 8.62568e-06
17 53 6.708863e-07
17 128 0.0006648331
24 18 0.0007539217
25 117 7.592345e-05
25 18 0.01655172
25 128 0.03315426
26 50 6.146433e-05
26 117 3.892067e-06
26 122 2.911468e-05
26 18 0.0006015012
27 50 4.652575e-05
27 18 0.001401894
90 24 8.852365e-06
90 26 2.41164e-05
90 32 0.0008251877
90 33 2.285731e-05
90 34 4.629574e-07
90 35 3.951603e-05
90 36 2.024228e-06
90 37 0.000111381
90 38 3.447967e-05
90 44 0.0002421325
90 48 1.811151e-06
90 50 0.005697862
90 54 2.595661e-06
90 106 5.414083e-07
90 107 1.055698e-05
90 108 0.001883791
90 109 0.0003622303
90 110 0.0003864435
90 111 0.0002353528
90 112 0.0001026642
90 113 0.0001336572
90 116 2.353528e-05
90 118 3.806323e-05
90 119 6.227649e-06
90 120 5.31723e-05
90 121 1.220348e-06
90 126 0.0001016957
90 18 0.01806309
91 24 1.380351e-07
91 26 3.761721e-07
91 32 1.285518e-05
91 33 3.561517e-07
91 35 6.153628e-07
91 36 3.140036e-08
91 37 1.801833e-06
91 38 5.553017e-07
91 44 3.761721e-06
91 48 2.823925e-08
91 50 8.882719e-06
91 54 4.035684e-08
91 18 0.0009314737
92 24 4.502592e-05
92 26 0.0001186494
92 28 0.001905489
92 93 0.004001628
92 32 0.008240554
92 33 0.0001125648
92 34 3.295816e-05
92 35 0.0001936926
92 36 9.897589e-06
92 37 0.0006023737
92 38 0.0001855798
92 43 0.002479468
92 44 0.003331309
92 45 6.906002e-05
92 48 0.0001115507
92 50 0.002790796
92 54 0.000521246
92 106 1.328467e-06
92 107 5.151614e-05
92 108 0.009227271
92 109 0.0005912187
92 110 0.003785625
92 111 0.001154043
92 112 0.0005040063
92 113 0.0006551067
92 116 5.770213e-05
92 118 0.0001865939
92 119 3.052433e-05
92 120 0.000260623
92 121 5.952752e-06
92 126 0.0003326239
92 18 0.0315729
28 93 0.0005762953
28 44 0.0003187387
28 106 1.865065e-07
28 107 1.815725e-06
28 108 0.000649319
28 109 0.0001243377
28 116 8.111554e-06
28 117 1.1743e-05
28 122 2.190712e-05
28 18 0.00887929
29 75 0.006871779
29 24 1.41827e-05
29 26 2.269232e-05
29 45 1.19765e-05
29 110 0.0004927174
29 117 2.164174e-05
29 122 8.08939e-05
29 126 6.50303e-05
29 18 0.01278334
93 24 0.0005211425
93 27 1.391687e-05
93 28 0.000238857
93 30 0.0002970907
93 94 1.164675e-05
93 34 1.283116e-06
93 36 1.855583e-06
93 106 1.273246e-07
93 108 0.000884363
93 109 0.0001135064
93 110 0.0003632205
93 116 5.527269e-06
93 117 1.59896e-05
93 122 5.961554e-05
93 126 4.78701e-05
93 128 0.01029059
30 24 0.002860716
30 27 4.51742e-06
30 28 7.760452e-05
30 29 0.0004945386
30 34 4.146516e-07
30 37 9.985875e-05
30 38 3.090866e-05
30 44 0.0002168362
30 45 1.150753e-05
30 51 0.0004298682
30 55 1.046139e-05
30 106 1.436064e-07
30 107 1.388512e-06
30 108 0.0009966855
30 109 9.605461e-05
30 111 6.229284e-05
30 113 3.537853e-05
30 116 6.229284e-06
30 117 8.977779e-06
30 122 3.357156e-05
30 126 4.498399e-05
30 128 0.003261102
94 24 4.390299e-06
94 27 2.50288e-06
94 29 0.0004092825
94 34 2.297726e-07
94 45 6.359778e-06
94 51 0.0004349267
94 55 9.826883e-07
94 117 3.897929e-06
94 122 1.456594e-05
94 128 0.001614563
31 32 7.420794e-05
31 35 2.128371e-05
31 48 9.786706e-07
31 50 0.0003069035
31 54 1.396744e-06
31 106 2.052358e-07
31 107 1.985846e-06
31 108 0.0007126243
31 109 0.0001368239
31 116 8.912554e-06
31 117 2.565447e-05
31 122 4.807838e-05
31 18 0.004774583
32 35 7.787768e-05
32 48 3.570976e-06
32 50 0.001122578
32 54 5.109535e-06
32 106 4.330759e-07
32 107 4.207294e-06
32 108 0.0007540839
32 109 0.0001927947
32 110 0.0003096113
32 116 1.880461e-05
32 117 2.716221e-05
32 122 5.081043e-05
32 126 2.725719e-05
32 18 0.01361245
95 70 1.824603e-05
95 24 2.36677e-06
95 26 4.128815e-06
95 32 6.975195e-05
95 37 1.88716e-05
95 38 5.838728e-06
95 44 4.08711e-05
95 45 2.168671e-06
95 50 0.0001167746
95 111 2.16867e-05
95 18 0.0007705036
96 70 0.0006682312
96 24 4.871494e-05
96 26 0.0001486052
96 28 1.082554e-05
96 93 0.002679814
96 30 0.002968167
96 94 0.0001013664
96 32 0.002530225
96 34 2.834324e-06
96 35 0.0002420985
96 36 6.190242e-06
96 37 0.0006849616
96 38 0.0002115901
96 43 0.003102994
96 44 0.003450396
96 45 7.853439e-05
96 48 1.112078e-05
96 50 0.003490745
96 54 1.584466e-05
96 55 1.318748e-05
96 106 1.663197e-06
96 107 6.446118e-05
96 108 0.006068209
96 109 0.001479163
96 110 0.002368825
96 111 0.002886483
96 112 0.001262652
96 113 0.001640562
96 114 4.162913e-05
96 115 9.939816e-05
96 116 7.213747e-05
96 118 0.0004664825
96 119 7.636928e-05
96 120 0.0006524849
96 121 1.486052e-05
96 123 6.485484e-05
96 126 0.0002086377
96 18 0.04999038
97 24 1.344317e-05
97 26 3.375299e-05
97 93 0.0006112289
97 32 7.553319e-05
97 34 6.470128e-07
97 35 5.522337e-05
97 36 2.824032e-06
97 37 0.0001566758
97 38 4.826e-05
97 43 0.000749529
97 44 0.0003375299
97 45 1.789199e-05
97 48 2.533892e-06
97 50 0.0007959515
97 54 3.626753e-06
97 106 3.781495e-07
97 107 1.470044e-05
97 108 0.000439079
97 109 0.0001682814
97 110 0.000359774
97 111 0.0006586185
97 112 0.000288206
97 113 0.000374281
97 114 9.487588e-06
97 115 2.272766e-05
97 116 1.644128e-05
97 118 0.0001063848
97 119 1.740842e-05
97 120 0.0001489387
97 121 3.394641e-06
97 123 1.479716e-05
97 126 4.74863e-05
97 18 0.01338707
33 122 4.472196e-06
33 126 3.594921e-06
33 18 0.0001077523
98 34 5.023233e-08
98 37 1.209115e-05
98 38 3.735476e-06
98 40 0.0002162644
98 43 5.495082e-05
98 50 6.183196e-05
98 107 7.33333e-07
98 111 3.283287e-05
98 112 1.435209e-05
98 113 1.867738e-05
98 121 1.700625e-07
98 18 0.001250402
99 75 0.002948422
99 26 1.406336e-05
99 32 0.0005820669
99 34 2.832205e-07
99 35 2.422023e-05
99 36 2.470854e-06
99 48 1.113349e-06
99 50 0.0003486542
99 54 1.582128e-06
99 106 1.16218e-07
99 107 4.511995e-06
99 108 0.0002021608
99 109 0.000103522
99 110 0.0001103583
99 111 0.0002021608
99 112 8.838431e-05
99 113 0.0001152414
99 116 5.049137e-06
99 118 3.271685e-05
99 119 5.35189e-06
99 120 4.570592e-05
99 121 1.044986e-06
99 126 4.375267e-05
99 18 0.005435879
100 26 4.703869e-06
100 34 2.654945e-07
100 37 9.292307e-05
100 38 1.981589e-05
100 43 0.0002905048
100 106 1.548718e-07
100 107 6.021723e-06
100 108 0.001079293
100 109 0.0002077783
100 110 0.0002212454
100 111 0.0002703042
100 112 0.0001183182
100 113 0.0001529479
100 116 6.743175e-06
100 118 4.367192e-05
100 119 7.137569e-06
100 120 6.098678e-05
100 121 1.394808e-06
100 126 1.952731e-05
100 18 0.00699905
101 26 2.030876e-05
101 34 3.881675e-07
101 37 0.0001240535
101 38 2.891247e-05
101 43 0.0004241831
101 106 2.27098e-07
101 107 8.813803e-06
101 108 0.0007903411
101 109 0.0001010436
101 110 0.0006482797
101 111 0.0003951706
101 112 0.0001730747
101 113 0.0002240967
101 115 1.360587e-05
101 116 9.874261e-06
101 118 6.392758e-05
101 119 1.040449e-05
101 120 8.923851e-05
101 121 2.040881e-06
101 126 2.85123e-05
101 18 0.01109279
102 26 5.142632e-06
102 34 9.948731e-08
102 37 0.0003396871
102 38 7.42474e-06
102 43 0.000109373
102 106 5.815696e-08
102 107 2.261075e-06
102 109 2.597608e-05
102 111 0.0001012751
102 112 4.427501e-05
102 113 5.763113e-05
102 116 2.534508e-06
102 118 1.640594e-05
102 119 2.681741e-06
102 120 2.292625e-05
102 121 5.226765e-07
102 18 0.002158012
34 18 1.144732e-05
35 117 3.296617e-06
35 122 1.228916e-05
35 126 8.261049e-06
35 18 0.0009480212
36 122 7.426106e-06
36 18 0.0003048402
37 26 4.951045e-06
37 50 0.0003497091
37 106 1.957611e-07
37 107 3.801186e-06
37 108 0.0003402061
37 109 0.0001748546
37 110 0.0001862581
37 116 8.514657e-06
37 117 2.451765e-05
37 122 2.299718e-05
37 126 2.461268e-05
37 18 0.007699301
38 117 6.396592e-06
38 122 2.391249e-05
38 18 0.001980752
39 24 8.403026e-06
39 26 5.663542e-05
39 34 5.22639e-07
39 35 4.468661e-05
39 36 2.282903e-06
39 37 0.0001058878
39 38 3.27378e-05
39 40 0.0003876078
39 43 0.0004808668
39 44 0.0002292617
39 45 1.21431e-05
39 50 0.0005410966
39 55 2.05947e-06
39 106 5.13896e-07
39 107 1.000591e-05
39 110 0.0003672074
39 111 0.0004478375
39 112 0.0001952611
39 113 0.0002545194
39 115 1.544602e-05
39 116 2.234331e-05
39 117 3.225208e-05
39 118 7.237288e-05
39 119 1.185167e-05
39 120 0.0001010306
39 121 2.312046e-06
39 122 6.032692e-05
39 123 1.000591e-05
39 126 0.0001612604
39 18 0.01755018
39 128 0.008763433
40 24 2.160846e-05
40 26 5.649208e-05
40 34 2.170536e-07
40 106 1.104648e-06
40 107 1.065888e-05
40 108 0.001914723
40 109 0.000736432
40 110 0.0005232543
40 116 4.786808e-05
40 117 6.899204e-05
40 122 8.604627e-05
40 126 0.0003459292
40 18 0.04610549
41 26 4.132161e-06
41 18 8.5878e-05
42 24 4.210321e-05
42 26 0.0001149147
42 93 0.001873399
42 34 2.201727e-06
42 35 0.0001883056
42 36 1.921683e-06
42 37 0.0005320841
42 38 0.0001641639
42 50 0.002711601
42 54 1.236057e-05
42 106 2.578338e-06
42 107 2.501085e-05
42 108 0.004483605
42 109 0.001723721
42 110 0.001226401
42 111 0.001121143
42 113 0.0006373421
42 116 0.0001120177
42 117 0.0001612669
42 122 0.0001506445
42 126 0.0003234994
42 18 0.1078238
43 26 1.7366e-05
43 50 0.001226174
43 106 8.913269e-07
43 107 8.663811e-06
43 108 0.001551427
43 109 0.0005967764
43 110 0.0004240758
43 116 3.876168e-05
43 117 5.59358e-05
43 122 4.183192e-05
43 126 0.0001679033
43 18 0.03076756
44 50 0.0006278889
44 106 2.305293e-07
44 116 1.000982e-05
44 117 5.773342e-05
44 122 0.000216374
44 126 5.783453e-05
44 18 0.01468714
45 117 2.884821e-06
45 122 1.079286e-05
45 18 0.001344569
46 117 4.414181e-05
46 122 0.0006594807
46 126 0.0001323196
46 18 0.0158106
47 26 3.881455e-06
47 50 9.184149e-05
47 54 4.175504e-07
47 106 8.752877e-08
47 107 8.498033e-07
47 108 0.0006194645
47 109 5.851587e-05
47 116 3.803041e-06
47 117 5.488926e-06
47 122 8.213785e-05
47 126 2.744463e-05
47 18 0.002222035
48 18 3.288866e-05
49 24 1.833535e-05
49 26 0.0001995615
49 34 2.390686e-07
49 40 0.0004041881
49 43 0.001046432
49 50 0.0001965225
49 117 7.800121e-06
49 122 2.917448e-05
49 126 3.91019e-05
49 18 0.004079362
49 128 0.002037148
50 117 6.05662e-05
50 122 0.0002262807
50 126 3.033125e-05
50 18 0.01097414
103 70 5.618622e-05
103 24 4.604953e-06
103 27 2.616231e-06
103 28 4.508413e-05
103 30 5.039383e-05
103 94 1.554292e-05
103 34 2.413497e-07
103 36 1.052285e-06
103 43 0.0002645193
103 50 0.0002963775
103 51 0.0004151216
103 55 1.129517e-06
103 106 1.409483e-07
103 107 5.473812e-06
103 108 0.0002452114
103 109 6.284747e-05
103 110 0.0002017684
103 111 0.0002452114
103 112 0.0001071593
103 113 0.0001390175
103 116 6.130284e-06
103 118 3.96779e-05
103 119 6.487481e-06
103 120 5.54139e-05
103 121 1.264673e-06
103 126 1.76668e-05
103 18 0.006429557
104 27 1.664185e-05
104 28 0.0002850156
104 93 0.001441337
104 30 0.000319447
104 94 9.851211e-05
104 33 9.755568e-06
104 34 1.520721e-06
104 36 6.656741e-06
104 37 0.0003682249
104 38 0.000113815
104 43 0.001668967
104 44 0.0007967047
104 45 4.217849e-05
104 50 0.002816681
104 51 0.002626352
104 106 8.923476e-07
104 107 3.46227e-05
104 108 0.001034855
104 109 0.0003978742
104 110 0.0008493083
104 111 0.00155324
104 112 0.0006790641
104 113 0.0008827832
104 114 2.238042e-05
104 115 5.355998e-05
104 116 3.883099e-05
104 118 0.0002515406
104 119 4.112642e-05
104 120 0.0003510092
104 121 8.014868e-06
104 123 3.490963e-05
104 126 0.0001119021
104 18 0.01556587
104 128 0.01556587
105 70 4.568833e-05
105 27 2.137188e-06
105 28 0.0002830587
105 93 0.000185223
105 30 4.103401e-05
105 94 1.263316e-05
105 33 7.503905e-05
105 34 1.956714e-07
105 36 8.558251e-07
105 37 6.174099e-05
105 38 1.909221e-05
105 43 0.0002146687
105 44 0.000102585
105 45 5.423709e-06
105 50 0.001058146
105 51 0.0004397858
105 106 1.073343e-07
105 107 4.160393e-06
105 108 0.0001244318
105 109 4.768304e-05
105 110 0.0001016352
105 111 0.0001861728
105 112 8.140312e-05
105 113 0.0001054346
105 116 4.654321e-06
105 118 3.011061e-05
105 119 4.929781e-06
105 120 4.207886e-05
105 121 9.5936e-07
105 18 0.00082258
105 128 0.00082258
51 75 0.001968008
51 26 2.082393e-05
51 28 7.46924e-05
51 34 4.008362e-07
51 55 1.86731e-06
51 106 4.047468e-07
51 107 7.870077e-06
51 108 0.00140977
51 109 0.0002708088
51 110 0.0002893842
51 116 1.759769e-05
51 117 5.083776e-05
51 122 9.502751e-05
51 126 2.541888e-05
51 18 0.002906551
51 128 0.0052402
52 26 4.645185e-05
52 93 0.0008396687
52 43 0.000972248
52 45 2.455171e-05
52 50 0.001094025
52 54 4.979088e-06
52 106 3.466702e-07
52 107 6.746812e-06
52 108 0.002416871
52 109 0.0003093516
52 110 0.0009918894
52 116 1.512386e-05
52 117 4.350564e-05
52 122 0.0001630234
52 126 0.0001306151
52 18 0.01420661
53 48 3.659218e-06
53 50 0.001152013
53 54 5.237317e-06
53 106 2.741947e-07
53 107 5.316223e-06
53 108 0.0009527776
53 109 0.0001223027
53 110 0.0007821455
53 116 1.193438e-05
53 117 3.432366e-05
53 122 0.0002564412
53 126 3.442229e-05
53 18 0.002414492
54 26 3.276218e-06
54 32 7.47786e-05
54 35 1.180715e-06
54 48 5.392994e-08
54 50 1.404093e-05
54 108 0.0001033923
54 110 5.648284e-05
54 122 9.286163e-06
54 126 2.489075e-06
54 18 4.39311e-05
55 24 3.602316e-06
55 26 6.41781e-07
55 28 1.042776e-05
55 93 5.299196e-05
55 33 2.768095e-06
55 34 2.464743e-07
55 36 1.080695e-06
55 37 5.96278e-05
55 38 1.839077e-05
55 43 0.0002426823
55 44 0.0001156533
55 45 6.83492e-06
55 50 6.958157e-05
55 51 0.0003867749
55 106 1.943355e-07
55 107 3.772952e-06
55 108 0.0003384281
55 109 0.000129873
55 110 9.252263e-05
55 111 8.455962e-05
55 112 3.697113e-05
55 113 4.806247e-05
55 116 8.455962e-06
55 117 1.222891e-05
55 118 1.365088e-05
55 119 2.237228e-06
55 120 1.914915e-05
55 121 4.370178e-07
55 122 1.137573e-05
55 126 2.445783e-05
55 18 0.0002000233
55 128 0.0002000233
106 18 3.103656e-06
107 18 7.286941e-05
108 117 5.451966e-05
108 18 0.01039394
109 117 1.219544e-05
109 18 0.001878298
110 117 2.643757e-05
110 122 2.043827e-05
110 18 0.004063251
111 117 1.686294e-05
111 122 1.302586e-05
111 18 0.002597094
112 117 8.012375e-06
112 18 0.00123189
113 117 9.589852e-06
113 18 0.001474351
114 117 4.638556e-06
114 18 0.001161691
115 117 9.308326e-06
115 18 0.001813055
116 18 0.0001406188
117 18 0.0002195675
118 117 6.482414e-06
118 18 0.0009961035
119 117 2.139202e-06
119 18 0.0003281493
120 117 7.748478e-06
120 18 0.001191122
121 18 1.063141e-05
122 18 0.002317719
123 122 2.3058e-05
123 18 0.005180155
124 122 1.158772e-05
124 18 0.002583749
125 18 1.843728e-05
126 18 0.0005581483
127 18 0.0007900859
18 58 220.8467
18 59 7.424091
18 60 0.1202653
18 61 0.5760418
18 62 0.01039781
18 63 0.7554034
18 16 0.006146489
18 64 0.4085391
18 68 0.08914252
18 72 0.34788
18 78 0.1808041
18 128 122.5214
128 65 181.7294
128 66 10.91645
128 67 83.11821
128 71 0.1310163
128 73 0.2348376
128 76 1.199547
128 77 0.139393
128 79 0.3895701
128 80 0.05424966
128 81 0.1706138
128 82 0.1383476
128 85 0.02749635
128 21 0.3942595
128 87 0.02391225
128 88 0.2169058
128 89 0.0006821456
128 23 0.009448903
128 29 0.001107325
128 49 0.005173367
19 56 166.4231
