%%MatrixMarket matrix coordinate real general
128 128 2106
1 16 2.340257
1 17 0.1615289
1 18 0.1506389
1 19 0.7215227
1 20 0.013023
1 21 0.9649457
1 23 0.03353699
1 27 0.01649599
1 30 0.003484999
1 31 0.09257797
1 37 0.05561098
1 67 1.909999e-05
1 69 0.0004379998
1 71 1.14e-05
1 125 0.6631647
2 16 33.1427
2 17 2.287573
2 18 2.133343
2 19 10.2182
2 20 0.184435
2 21 13.66555
2 23 7.455268
2 27 0.293705
2 30 0.039153
2 31 0.895905
2 32 0.1405
2 35 0.365358
2 37 0.51865
2 38 0.100665
2 39 0.00736
2 40 0.020831
2 45 0.093853
2 48 0.005149
2 71 0.00038
2 84 0.011417
2 89 0.000167
2 91 0.000802
2 125 2.305766
3 18 0.002867085
3 19 0.01373199
3 20 0.0002481805
3 23 0.0100313
3 30 6.314592e-05
3 71 2.431768e-06
3 84 1.461062e-05
3 89 1.280931e-06
3 91 1.130822e-06
3 125 0.05892985
4 16 0.1997986
4 17 0.01378997
4 18 0.01286097
4 19 0.06159987
4 20 0.001111998
4 21 0.08238181
4 23 0.0449439
4 27 0.001767996
4 28 0.001796996
4 31 0.00904698
4 37 0.005180988
4 125 0.01114197
5 17 0.02091016
5 18 0.01950015
5 19 0.09340271
5 20 0.001686013
5 23 0.06814753
5 27 0.001639013
5 28 0.002725021
5 31 0.1170259
5 37 0.005944046
5 45 0.08248563
5 67 2.900022e-05
5 69 0.0006640051
5 71 1.730013e-05
5 125 0.1998085
6 17 0.024303
6 18 0.022664
6 19 0.108556
6 20 0.001959
6 22 0.02926501
6 23 0.07920302
6 27 0.002907
6 31 0.015269
6 37 0.008741002
6 67 3.37e-05
6 69 0.0007720001
6 71 2.02e-05
6 125 0.4199051
7 17 0.0005830506
7 18 0.0005440472
7 19 0.002606226
7 20 4.700408e-05
7 23 0.001711148
7 27 4.170362e-05
7 30 1.130098e-05
7 31 0.0001440125
7 37 8.380727e-05
7 67 7.280631e-07
7 69 1.670145e-05
7 71 4.350377e-07
7 125 0.009628835
8 24 2.896966
8 25 0.3121011
8 26 1.205648
8 30 0.006229603
8 32 0.1117817
8 35 0.3052129
8 36 0.01890461
8 38 0.3202118
8 39 0.04387799
8 40 0.1379949
8 41 0.1501049
8 43 0.2569416
8 45 0.0149429
8 48 0.02620607
8 71 0.000302319
8 100 1.333461e-05
8 124 4.692561
9 41 0.08111634
9 42 0.3626406
9 44 0.007428848
9 45 0.2106247
9 49 0.193396
9 65 0.006725862
9 84 0.006390869
9 100 0.001920961
9 109 0.001117977
9 110 0.001052978
9 119 0.00242395
9 122 0.001142977
9 123 83.13721
9 124 110.8496
9 125 83.13721
9 127 1.999959
10 41 0.008672672
10 42 0.04120844
10 44 0.0008439681
10 45 0.02393409
10 49 0.02197617
10 65 0.0007639711
10 84 0.0007259726
10 100 0.0002179918
10 109 0.0005079808
10 110 0.0004789819
10 122 0.0002599902
10 123 9.810125
10 124 13.08017
10 125 9.810125
10 127 0.1999924
11 41 0.007363601
11 42 0.02966939
11 44 0.000607967
11 45 0.01723206
11 49 0.01582314
11 65 0.0005499701
11 84 0.0005229716
11 100 0.0001569915
11 109 0.0003659801
11 110 0.0003449813
11 122 0.0003739797
11 123 3.128252
11 124 4.171001
11 125 3.128252
11 127 9.499484
12 124 111
13 71 0.0004207199
13 84 0.02533371
13 89 0.0004454076
13 91 0.0009782508
13 100 0.0001861865
13 123 21.75976
13 124 29.01301
13 125 21.75976
13 127 1.440117
14 30 0.612029
14 33 0.05881255
14 41 0.1574601
14 42 0.4335194
14 43 2.065216
14 44 0.05328769
14 45 0.1085303
14 46 0.06157349
14 49 0.02889929
14 65 0.007690812
14 71 0.001977951
14 83 1.349967e-05
14 84 0.004357893
14 89 0.001569961
14 91 0.003097924
14 100 0.001309968
14 109 0.0007619812
14 110 0.0007179824
14 119 0.0008269797
14 122 0.0003899904
14 123 31.91939
14 124 42.55919
14 125 31.91939
15 16 26.01588
15 17 2.341136
15 18 0.782566
15 19 3.748304
15 20 0.06765579
15 21 4.915469
15 23 2.710913
15 27 0.02922151
15 31 0.2504139
15 123 26.98428
15 128 98.57725
16 17 8.308995
16 18 1.402419
16 19 6.71725
16 20 0.1212441
16 21 9.304338
16 23 4.858165
16 27 0.03054776
16 31 0.09616339
16 37 0.1497201
16 123 119.8148
16 128 131.7417
17 18 0.08488858
17 19 0.4065979
17 20 0.007339258
17 23 0.2940665
17 27 0.001848984
17 31 0.005820717
17 37 0.009539004
17 123 9.469094
17 128 10.30372
18 22 0.06831508
18 28 0.002048419
18 29 0.001687234
18 30 0.0002936545
18 45 0.01047743
18 57 0.000614935
18 58 2.097532e-05
18 59 0.01648558
18 65 0.0001432461
18 67 2.179387e-05
18 68 0.001776251
18 69 0.0004993149
18 72 0.0007755753
18 73 0.0003529993
18 74 0.0007172536
18 75 2.117996e-05
18 77 1.64733e-05
18 78 5.729843e-06
18 81 0.0001903127
18 82 0.001681095
18 85 0.0003253733
18 86 0.0001094809
18 94 0.007690268
18 95 0.0003929036
18 96 9.239373e-05
18 99 1.074346e-06
18 123 2.840403
18 128 1.777397
19 22 0.3197658
19 28 0.009577885
19 29 0.0179882
19 30 0.001373608
19 45 0.04898831
19 57 0.002875487
19 58 9.817257e-05
19 59 0.07713212
19 65 1.181707e-05
19 67 0.0001020106
19 68 0.008310328
19 69 0.002334123
19 72 0.003990533
19 73 0.001649339
19 74 0.002288673
19 75 0.0005666133
19 77 5.25203e-05
19 78 2.686616e-05
19 81 0.0008877952
19 82 0.007858855
19 85 0.001523089
19 86 0.000513083
19 94 0.03001535
19 95 0.002520974
19 96 0.0004757128
19 99 3.44412e-06
19 123 13.70643
19 128 8.420456
20 22 0.005599047
20 28 0.0001669716
20 29 0.0001369767
20 30 2.389593e-05
20 45 0.0008528549
20 57 5.009148e-05
20 58 1.709709e-06
20 59 0.001343771
20 65 0.000487917
20 67 1.779697e-06
20 68 0.0001449753
20 69 4.069308e-05
20 72 6.318925e-05
20 73 2.869512e-05
20 74 3.989321e-05
20 75 9.86832e-06
20 77 9.138445e-07
20 78 4.669206e-07
20 81 1.549736e-05
20 82 0.0001369767
20 85 2.649549e-05
20 86 8.928481e-06
20 94 0.0006268933
20 95 3.199456e-05
20 96 7.528719e-06
20 99 5.988981e-08
20 123 0.2479468
20 128 0.1513523
21 22 0.2327974
21 28 0.006981906
21 29 9.519869e-05
21 30 0.001001141
21 45 0.03570904
21 57 0.002095575
21 58 7.162472e-05
21 59 0.06184604
21 65 0.0004363691
21 67 7.433321e-05
21 68 0.006662904
21 69 0.00187087
21 72 0.002909127
21 73 0.0006610741
21 74 0.001834756
21 75 0.0002267113
21 77 3.821991e-05
21 78 1.956137e-05
21 81 0.00064703
21 82 0.002993392
21 85 0.001110484
21 86 0.0003741739
21 94 0.02196792
21 95 0.002018332
21 96 0.0003149883
21 99 2.507868e-06
21 123 19.14843
21 128 10.1549
22 29 0.005982061
22 57 6.679203e-05
22 58 7.514105e-05
22 59 0.03147262
22 65 6.825311e-06
22 67 1.283659e-06
22 68 0.02219687
22 69 2.932588e-05
22 70 2.95346e-05
22 72 0.001815908
22 96 1.252351e-05
22 123 0.3652961
22 128 0.5433115
23 22 0.2537075
23 28 0.007195529
23 29 0.004847625
23 30 0.0009288294
23 37 0.0005925109
23 45 0.0003679472
23 57 0.00216024
23 58 7.38003e-05
23 59 0.05214623
23 65 0.0005050049
23 67 7.664687e-05
23 68 0.005038451
23 69 0.001578272
23 72 0.002453333
23 73 0.0005577193
23 74 0.001736415
23 75 0.0001918808
23 96 0.0002920383
23 123 9.497857
23 128 6.132217
24 25 9.161333
24 26 33.0309
24 32 0.00477174
24 35 0.001437199
24 36 0.01734997
24 37 0.009262613
24 38 0.04701921
24 39 0.09821557
24 40 0.2779949
24 91 0.0004222955
24 124 49.67424
24 128 92.30348
25 26 3.724224
25 32 0.0003322478
25 35 0.5372583
25 36 0.00120846
25 37 0.0007336703
25 38 0.003274265
25 39 0.006838855
25 40 0.02150702
25 91 2.945162e-05
25 124 7.739161
25 128 8.355318
26 30 0.026765
26 32 0.005237543
26 36 0.7617334
26 38 0.425774
26 44 0.01821349
26 45 0.2755237
26 47 0.05211704
26 48 0.01860005
26 58 2.194272e-05
26 82 0.00805421
26 85 0.004263451
26 89 0.001610842
26 91 0.001414998
26 96 0.003440086
26 100 0.001305284
26 124 86.25223
26 128 33.22267
27 30 0.1480688
27 57 0.002908563
27 81 0.002651776
27 83 2.264574e-06
27 84 0.01026843
27 89 0.0006682516
27 97 0.004991162
27 100 0.0001081739
27 118 0.0002173587
27 120 1.617553e-05
27 122 3.851798e-05
27 123 0.07674076
27 128 0.2206373
28 88 0.0003818928
28 89 2.125134e-05
28 97 0.000158859
28 124 0.0171473
28 128 0.01278341
29 30 0.06322218
29 81 7.245269e-05
29 84 0.00730496
29 88 0.006909763
29 97 0.002013032
29 118 0.0001049741
29 120 1.193823e-07
29 124 0.01534988
29 128 0.02189327
30 36 0.04538731
30 47 0.006990653
30 61 0.003882127
30 89 0.0001946611
30 97 0.01813777
30 98 0.0004932087
30 100 0.0003933566
30 102 5.43639e-06
30 118 0.0002551775
30 120 2.904787e-07
30 122 7.241796e-05
30 124 0.2393413
30 128 0.784465
31 30 0.05864134
31 34 0.01372629
31 36 0.09814812
31 44 0.06281197
31 49 0.02919842
31 50 0.001335651
31 51 0.01850008
31 52 0.0003940272
31 53 0.000229344
31 54 0.02752027
31 56 0.000638526
31 57 0.003074422
31 58 3.74831e-05
31 61 0.0003081495
31 67 0.0005354729
31 68 0.013209
31 69 0.01224616
31 78 0.000281881
31 81 0.003712948
31 82 0.005748755
31 83 6.112472e-05
31 84 0.0005718446
31 85 0.001792318
31 87 0.0001626625
31 89 6.769185e-05
31 97 0.0001131565
31 98 0.005140539
31 100 2.465195e-06
31 102 6.647946e-06
31 105 0.0003384592
31 106 0.0002182304
31 107 0.0001667038
31 108 0.0001171978
31 109 0.0001555902
31 110 0.000647619
31 111 1.070946e-05
31 113 0.0002647054
31 114 9.638511e-05
31 115 0.0002707674
31 118 0.0008314983
31 120 9.466755e-07
31 121 3.404799e-05
31 122 8.850456e-05
31 124 0.652121
31 128 0.8166678
32 30 0.003725924
32 34 0.02564019
32 44 0.03620546
32 47 0.007063561
32 52 2.282842e-05
32 53 1.589836e-05
32 54 0.001752896
32 56 4.066312e-05
32 57 0.006113735
32 58 6.97082e-05
32 61 0.0001243334
32 67 6.196286e-05
32 68 0.01873866
32 69 0.001417604
32 74 0.0005554236
32 78 1.630601e-05
32 81 0.0005207732
32 82 0.0003332541
32 83 3.546558e-06
32 84 0.0004412815
32 87 2.068825e-05
32 97 0.0007327514
32 98 0.002039271
32 100 1.589836e-05
32 105 0.0002150356
32 106 0.0001386011
32 107 0.0001059891
32 108 7.449809e-05
32 109 9.875329e-05
32 110 0.000412746
32 111 6.797569e-06
32 113 0.0001691749
32 114 6.135138e-05
32 115 0.0001722323
32 118 0.0001589836
32 120 1.803853e-07
32 122 5.635766e-06
32 124 0.09465742
32 128 0.2955108
33 52 3.33023e-06
33 53 2.108798e-06
33 54 0.00025577
33 56 5.940129e-06
33 57 0.0008925853
33 58 1.01786e-05
33 61 4.927488e-05
33 68 0.002736217
33 81 7.610464e-05
33 82 4.854411e-05
33 83 5.167599e-07
33 84 6.441228e-05
33 87 1.513741e-05
33 97 0.0001064839
33 98 0.0002975284
33 100 2.31759e-06
33 107 1.5555e-05
33 109 1.440664e-05
33 110 6.023646e-05
33 113 2.463744e-05
33 114 8.967611e-06
33 115 2.515942e-05
33 118 2.31759e-05
33 124 0.01976111
33 128 0.03431286
34 52 2.832586e-06
34 53 2.095906e-06
34 54 0.0002189288
34 56 5.063377e-06
34 57 0.0007605441
34 58 8.674146e-06
34 61 4.202188e-05
34 78 2.033652e-06
34 81 6.484858e-05
34 82 4.139933e-05
34 83 4.409704e-07
34 84 5.488784e-05
34 87 1.286596e-05
34 97 0.0007460181
34 98 0.0002542064
34 100 1.981773e-06
34 109 1.224341e-05
34 110 5.136008e-05
34 113 2.095906e-05
34 114 7.636569e-06
34 115 2.137409e-05
34 118 1.981773e-05
34 124 0.01827381
34 128 0.03052864
35 36 0.1388486
35 44 0.09129722
35 49 0.01421771
35 54 0.009834493
35 56 0.0002282071
35 61 0.002021997
35 62 2.713814e-05
35 68 0.004360606
35 78 9.148844e-05
35 81 0.00843955
35 82 0.01106599
35 83 2.672696e-05
35 84 0.01228721
35 85 0.002565788
35 89 2.199834e-05
35 94 0.01143091
35 95 0.001168791
35 96 0.0009580586
35 97 0.004109784
35 98 0.0002539061
35 100 8.922692e-05
35 105 0.0002415706
35 106 0.0001552219
35 107 0.0001192434
35 108 8.357314e-05
35 109 2.775492e-05
35 110 0.000231291
35 111 3.813731e-06
35 113 0.0001891446
35 114 0.0001151315
35 115 0.0003217515
35 118 0.0002970804
35 120 3.381988e-07
35 122 3.166117e-05
35 124 0.8364037
35 128 1.257247
36 44 0.1992266
36 49 0.01395364
36 54 0.008774941
36 56 0.0002039261
36 61 0.001292891
36 62 2.661236e-05
36 68 0.00388989
36 78 8.157044e-05
36 81 0.007529972
36 82 0.00888608
36 83 2.385935e-05
36 84 0.01096307
36 85 0.002289071
36 89 1.967887e-05
36 94 0.01019834
36 95 0.001043082
36 96 0.0008850393
36 97 0.003666591
36 98 0.000226358
36 100 7.963314e-05
36 102 1.060416e-05
36 105 0.0002161617
36 106 0.0001386698
36 107 0.0001060416
36 108 7.453499e-05
36 109 2.477702e-05
36 110 0.000206985
36 111 3.405566e-06
36 113 0.0001692587
36 114 0.0001029827
36 115 0.0002875358
36 118 0.0002651039
36 120 3.018106e-07
36 122 2.824376e-05
36 124 0.3098769
36 128 1.003679
37 36 0.1280847
37 49 0.01285363
37 54 0.004534391
37 56 0.0001053576
37 61 0.0009672831
37 62 1.254257e-05
37 68 0.002009822
37 69 0.001003406
37 78 4.214304e-05
37 81 0.004894613
37 82 0.005101315
37 83 1.234189e-05
37 84 0.005664225
37 85 0.002186421
37 89 1.01344e-05
37 94 0.009810298
37 95 0.0009943751
37 96 0.0004404951
37 97 0.001883392
37 98 0.0001284359
37 100 4.093896e-05
37 102 5.478596e-06
37 105 0.000111378
37 106 7.174351e-05
37 107 5.508697e-05
37 108 3.853078e-05
37 109 1.274325e-05
37 110 0.000106361
37 111 1.75596e-06
37 113 8.72963e-05
37 114 5.297982e-05
37 115 0.0001485041
37 118 0.0001374666
37 120 1.555279e-07
37 122 1.454938e-05
37 124 0.1883804
37 128 0.5748582
38 36 0.07588175
38 45 0.004346227
38 47 0.008220548
38 54 0.002269639
38 56 5.27063e-05
38 57 0.004732331
38 58 3.513753e-07
38 61 0.007457533
38 67 8.028518e-05
38 68 0.01799675
38 69 0.0003146035
38 78 2.11438e-05
38 81 0.0003666969
38 82 0.0001266585
38 84 0.04191377
38 85 0.0001348301
38 88 0.00205718
38 89 2.543385e-05
38 91 2.022451e-05
38 96 0.0002706816
38 98 0.0006077567
38 100 2.063308e-05
38 105 0.0002788531
38 106 0.0001797734
38 107 0.0001378944
38 108 9.642392e-05
38 113 0.0002185881
38 114 7.957016e-05
38 115 0.0002226739
38 122 7.293081e-06
38 124 0.2572936
38 128 0.861082
39 29 0.0007270331
39 30 8.465034e-05
39 36 0.01896413
39 45 0.0005514015
39 47 0.001149774
39 49 0.02510102
39 54 0.005557923
39 56 6.667874e-06
39 57 0.0005238314
39 58 5.28937e-06
39 61 0.003892486
39 67 1.019072e-05
39 68 0.01187045
39 69 0.003103165
39 70 1.092592e-06
39 73 8.240389e-05
39 74 0.001279456
39 75 2.828485e-05
39 78 2.68553e-06
39 81 0.003925162
39 82 0.000448269
39 83 1.480615e-06
39 84 0.002508877
39 85 1.868638e-05
39 87 0.0008168911
39 88 0.0002899964
39 91 2.828486e-06
39 93 0.0003849599
39 94 0.01471629
39 95 0.0002808063
39 96 6.882307e-05
39 98 0.002726374
39 100 0.001024177
39 124 0.04050963
39 128 0.06987687
40 29 0.02695786
40 30 0.0006990546
40 36 0.01889788
40 44 0.160228
40 47 0.01281295
40 49 0.03926
40 52 0.00125667
40 57 0.002498077
40 58 2.442112e-05
40 59 0.008337778
40 62 2.981412e-05
40 66 0.002256918
40 67 0.0001149828
40 68 0.003650958
40 69 0.002639516
40 70 1.241407e-05
40 72 0.00217348
40 73 0.005262751
40 74 0.004223837
40 75 0.001807163
40 81 0.0008720375
40 82 0.003433203
40 83 1.129477e-05
40 84 0.02298943
40 85 0.00103281
40 86 0.0004863873
40 87 9.49371e-05
40 88 0.002430919
40 91 2.157199e-05
40 93 0.003223588
40 94 0.002805376
40 95 0.0002869482
40 96 0.000576949
40 98 0.001294319
40 100 0.002064602
40 122 7.010896e-06
40 124 0.163302
40 128 0.1308636
41 29 0.007273769
41 30 0.0009412635
41 36 0.05132065
41 44 0.03032814
41 47 0.005572604
41 49 0.02044437
41 57 0.002749827
41 58 2.684982e-05
41 59 0.008070145
41 62 3.647523e-05
41 66 0.001985874
41 67 0.0002097326
41 68 0.005556393
41 69 0.004310156
41 70 2.249306e-05
41 72 0.0003059866
41 73 0.006771221
41 74 0.006112641
41 75 0.00290586
41 81 0.0009605143
41 82 0.003576599
41 83 1.246237e-05
41 84 0.02079291
41 85 0.001136811
41 86 0.000423518
41 87 0.0001043597
41 88 0.001663676
41 91 2.37089e-05
41 93 0.002536041
41 94 0.003089249
41 95 0.0003161186
41 96 0.0006352769
41 98 0.0003049735
41 100 0.001037518
41 122 9.4329e-06
41 124 0.1720496
41 128 0.179448
42 29 0.0159957
42 30 0.001862013
42 36 0.07432944
42 47 0.02116952
42 56 0.000136074
42 57 0.005147801
42 58 5.753131e-06
42 59 0.01675912
42 67 0.0002071127
42 69 0.000810441
42 70 2.221209e-05
42 72 0.0006063299
42 73 8.074394e-05
42 74 0.001393758
42 75 2.771508e-05
42 78 5.432956e-05
42 79 0.003008637
42 81 0.003055663
42 82 0.008311522
42 83 2.741492e-05
42 84 0.001016553
42 85 0.00250036
42 87 0.0001150626
42 88 0.005297882
42 91 5.222842e-05
42 93 0.003902123
42 96 0.00069838
42 100 5.302885e-05
42 122 1.871018e-05
42 124 0.1735064
42 128 0.5268657
43 29 0.02286267
43 44 0.1877307
43 50 0.0002657279
43 51 0.003685968
43 56 0.0001942632
43 57 0.002857582
43 58 0.000177152
43 59 0.02000207
43 60 0.001593361
43 61 0.0001318574
43 62 0.0009542048
43 63 0.004138914
43 64 0.001275293
43 66 0.003174643
43 67 0.0002959243
43 68 0.0307419
43 69 0.001158534
43 70 6.965293e-05
43 72 0.0001248116
43 73 0.0004781089
43 74 0.002938105
43 75 0.0001640668
43 76 1.781585e-05
43 77 0.0002023156
43 78 7.770528e-05
43 79 0.002058385
43 80 0.0006351299
43 81 0.0006864638
43 82 0.003267246
43 83 1.670865e-05
43 84 0.0001016611
43 85 0.008081551
43 86 0.001967796
43 87 0.0002466036
43 88 0.003785616
43 93 0.001023656
43 96 0.0009793685
43 98 0.001690996
43 99 1.32864e-05
43 100 0.0001187723
43 101 5.878224e-07
43 102 1.002519e-05
43 103 0.0009713161
43 104 0.0002194268
43 105 0.001020637
43 106 0.000657274
43 107 0.000504279
43 108 0.0003522908
43 109 0.0002335185
43 110 0.0009773553
43 111 1.610472e-05
43 113 0.0007991968
43 114 0.0002908915
43 115 0.0008153016
43 116 3.090094e-06
43 117 0.0002737803
43 118 0.001505791
43 120 1.711127e-06
43 121 1.026676e-05
43 122 2.667345e-05
43 123 0.8877929
43 128 1.115689
44 29 0.01130595
44 50 0.001788765
44 51 0.02477111
44 53 2.122792e-06
44 54 0.004134242
44 56 9.594189e-05
44 57 0.002828309
44 58 0.0001748182
44 59 0.009900121
44 60 0.003784606
44 61 0.0002861607
44 62 0.0004724253
44 63 0.002048911
44 64 0.0006316348
44 67 2.924042e-05
44 68 0.003042669
44 69 0.0006690958
44 70 3.444335e-05
44 72 6.16026e-05
44 73 0.0002362127
44 74 0.0007273686
44 75 8.116559e-05
44 76 8.803345e-06
44 77 0.0001003123
44 78 3.850163e-05
44 79 0.002127995
44 80 0.0006566088
44 81 0.0003735698
44 82 0.005290332
44 83 1.248701e-05
44 84 5.046835e-05
44 85 0.004399591
44 86 0.004235179
44 87 0.0001623312
44 88 0.003053075
44 93 0.0007429774
44 96 0.0007898036
44 98 0.004849124
44 99 6.576494e-06
44 100 7.773166e-05
44 101 2.913636e-07
44 102 4.963588e-06
44 103 0.00048075
44 104 0.0001082208
44 105 0.0005046835
44 106 0.0003257029
44 107 0.0002497403
44 108 0.0001748182
44 109 0.0001155049
44 110 0.0004838718
44 111 7.970877e-06
44 113 0.0003954221
44 114 0.0001436007
44 115 0.0004037468
44 116 1.529659e-06
44 117 0.000135276
44 118 0.0007450585
44 120 8.480764e-07
44 121 5.078052e-06
44 122 1.321542e-05
44 124 0.228964
44 128 0.5730832
45 53 8.062297e-05
45 54 0.006068471
45 56 0.0001406097
45 57 0.001037882
45 58 6.433652e-05
45 59 0.003632586
45 60 0.002417678
45 61 0.0002205246
45 62 0.0006929326
45 63 0.003006417
45 64 0.0009266078
45 68 0.004466128
45 70 5.057902e-05
45 72 2.488488e-05
45 73 0.0003469721
45 74 0.001067217
45 75 0.0001193665
45 76 1.426329e-05
45 77 0.0001476908
45 78 5.644619e-05
45 79 0.003435328
45 80 0.001060136
45 81 0.0004987092
45 82 0.002373168
45 83 1.213897e-05
45 84 8.153339e-05
45 85 0.005870202
45 86 0.002680688
45 87 0.0003935048
45 88 0.006110958
45 93 0.001487023
45 96 0.001739918
45 99 9.650478e-06
45 100 6.059367e-05
45 101 3.500068e-07
45 102 5.968325e-06
45 103 0.0005786241
45 104 0.0001304939
45 105 0.0006079599
45 106 0.0003914817
45 107 0.0003004394
45 108 0.0002104087
45 109 0.0001395981
45 110 0.0005816588
45 111 9.599898e-06
45 113 0.0004764544
45 114 0.0001729803
45 115 0.0004855586
45 116 1.841076e-06
45 117 0.0001628645
45 118 0.000897272
45 120 1.021696e-06
45 121 6.109946e-06
45 122 1.588181e-05
45 124 0.2213267
45 127 0.2131198
45 128 0.8326603
46 29 0.0002219953
46 56 2.599945e-06
46 57 0.001228974
46 58 7.619838e-05
46 59 0.002150954
46 60 3.579924e-05
46 63 4.449906e-05
46 64 1.369971e-05
46 67 3.159933e-06
46 68 0.000328993
46 69 7.229846e-05
46 70 7.449842e-07
46 72 1.339972e-05
46 73 2.529946e-05
46 74 3.109934e-05
46 75 8.669816e-06
46 79 4.599903e-05
46 80 1.41997e-05
46 81 7.349844e-06
46 82 3.499926e-05
46 85 8.639817e-05
46 86 1.989958e-05
46 87 5.269888e-06
46 88 8.99981e-05
46 93 2.189953e-05
46 96 2.32995e-05
46 123 0.01953259
46 128 0.03743321
47 52 0.0001105752
47 53 7.202607e-06
47 54 0.0006431624
47 55 5.620063e-05
47 56 1.491244e-05
47 61 0.00015724
47 76 1.36951e-06
47 85 0.001801666
47 88 0.0002657864
47 98 0.0004960669
47 101 4.524455e-08
47 102 7.719979e-07
47 107 3.88535e-05
47 108 2.718731e-05
47 113 6.157723e-05
47 114 2.241938e-05
47 115 6.279457e-05
47 117 2.099915e-05
47 118 0.0001156475
47 120 1.318787e-07
47 124 0.03872264
47 127 0.009545992
47 128 0.0629234
48 50 0.0005540386
48 51 0.007669492
48 53 6.062678e-06
48 54 0.0001863864
48 55 2.068684e-05
48 56 0.002344167
48 60 7.41449e-05
48 61 0.0002293986
48 62 0.004893154
48 63 9.216909e-05
48 64 2.83676e-05
48 68 0.001148017
48 69 1.290367e-05
48 70 5.151227e-06
48 76 3.963271e-07
48 78 1.730731e-06
48 84 0.0009452451
48 88 0.0001874105
48 93 9.411488e-05
48 97 7.772927e-05
48 98 0.006093401
48 107 1.669285e-05
48 109 7.772926e-06
48 110 3.2464e-05
48 113 2.652422e-05
48 114 9.667514e-06
48 115 2.713867e-05
48 117 9.083776e-06
48 118 5.007854e-05
48 120 5.694001e-08
48 124 0.01740152
48 128 0.03162219
49 44 0.02472333
49 50 0.008983086
49 51 0.1244311
49 52 2.309435e-05
49 53 4.443601e-05
49 54 0.002717711
49 55 0.0003361053
49 56 7.000476e-05
49 60 0.001203175
49 61 0.00236614
49 62 0.004926108
49 63 0.001495978
49 64 0.0004608561
49 68 0.01862291
49 69 8.371703e-05
49 70 8.361393e-05
49 76 6.433427e-06
49 78 2.804314e-05
49 82 0.0008227364
49 83 6.031338e-06
49 84 0.000509313
49 85 0.004272455
49 88 0.00124957
49 93 0.001533094
49 96 0.003462091
49 97 0.001261942
49 98 0.003404355
49 100 2.742454e-05
49 101 2.123856e-07
49 102 3.618803e-06
49 105 0.0003690973
49 106 0.0002371295
49 107 0.0001824866
49 108 0.0001278437
49 109 8.454183e-05
49 110 0.0003536323
49 111 5.825138e-06
49 113 0.0002886794
49 114 0.0001051618
49 115 0.0002948654
49 116 1.113478e-06
49 117 9.87696e-05
49 118 0.0005443669
49 120 6.196298e-07
49 122 9.650141e-06
49 124 0.1462708
49 128 0.2758961
50 53 0.0004488988
50 54 7.999871e-05
50 55 8.895609e-06
50 60 3.17112e-05
50 61 9.863418e-05
50 62 0.0001297276
50 63 3.933012e-05
50 64 1.21491e-05
50 70 2.203311e-06
50 76 1.688518e-07
50 78 7.392416e-07
50 88 3.655025e-05
50 97 3.315262e-05
50 98 0.001410531
50 114 2.769582e-06
50 124 0.002722221
50 128 0.008551728
51 53 0.0002265247
51 54 0.0005104494
51 55 7.236491e-05
51 56 1.178749e-05
51 60 0.0002029497
51 61 0.0006293493
51 62 0.000833324
51 63 0.0002531747
51 64 7.78999e-05
51 70 1.414498e-05
51 76 1.086499e-06
51 78 4.745744e-06
51 88 0.0002111497
51 97 0.0002131997
51 98 0.003408121
51 101 8.230739e-08
51 102 1.404248e-06
51 107 7.051991e-05
51 108 4.930244e-05
51 109 3.269746e-05
51 110 0.0001363248
51 111 2.254997e-06
51 113 0.0001117249
51 114 4.069245e-05
51 115 0.0001137749
51 116 4.325495e-07
51 117 3.823245e-05
51 118 0.0002111497
51 120 2.398497e-07
51 124 0.03753853
51 127 0.02771646
51 128 0.1157726
52 53 1.513277e-05
52 55 1.997526e-06
52 61 2.209385e-05
52 76 3.995052e-08
52 88 8.62568e-06
52 98 6.708863e-07
52 124 0.0006648331
52 127 4.560008e-07
52 128 0.002109508
53 123 0.0007539217
53 127 0.003898825
53 128 4.533258e-05
54 112 7.592345e-05
54 123 0.01655172
54 124 0.03315426
54 127 0.008164008
54 128 0.01711378
55 92 6.146433e-05
55 112 3.892067e-06
55 117 2.911468e-05
55 123 0.0006015012
55 127 4.154908e-05
55 128 0.0006843972
56 92 4.652575e-05
56 123 0.001401894
56 127 0.00224752
56 128 0.0006438103
57 53 8.852365e-06
57 55 2.41164e-05
57 66 0.0008251877
57 70 2.285731e-05
57 76 4.629574e-07
57 77 3.951603e-05
57 78 2.024228e-06
57 79 0.000111381
57 80 3.447967e-05
57 86 0.0002421325
57 90 1.811151e-06
57 92 0.005697862
57 99 2.595661e-06
57 101 5.414083e-07
57 102 1.055698e-05
57 103 0.001883791
57 104 0.0003622303
57 105 0.0003864435
57 106 0.0002353528
57 107 0.0001026642
57 108 0.0001336572
57 111 2.353528e-05
57 113 3.806323e-05
57 114 6.227649e-06
57 115 5.31723e-05
57 116 1.220348e-06
57 121 0.0001016957
57 123 0.01806309
57 128 0.01680206
58 53 1.380351e-07
58 55 3.761721e-07
58 66 1.285518e-05
58 70 3.561517e-07
58 77 6.153628e-07
58 78 3.140036e-08
58 79 1.801833e-06
58 80 5.553017e-07
58 86 3.761721e-06
58 90 2.823925e-08
58 92 8.882719e-06
58 99 4.035684e-08
58 123 0.0009314737
58 128 8.366405e-05
59 53 4.502592e-05
59 55 0.0001186494
59 60 0.001905489
59 62 0.004001628
59 66 0.008240554
59 70 0.0001125648
59 76 3.295816e-05
59 77 0.0001936926
59 78 9.897589e-06
59 79 0.0006023737
59 80 0.0001855798
59 85 0.002479468
59 86 0.003331309
59 87 6.906002e-05
59 90 0.0001115507
59 92 0.002790796
59 99 0.000521246
59 101 1.328467e-06
59 102 5.151614e-05
59 103 0.009227271
59 104 0.0005912187
59 105 0.003785625
59 106 0.001154043
59 107 0.0005040063
59 108 0.0006551067
59 111 5.770213e-05
59 113 0.0001865939
59 114 3.052433e-05
59 115 0.000260623
59 116 5.952752e-06
59 121 0.0003326239
59 123 0.0315729
59 128 0.2361102
60 62 0.0005762953
60 86 0.0003187387
60 101 1.865065e-07
60 102 1.815725e-06
60 103 0.000649319
60 104 0.0001243377
60 111 8.111554e-06
60 112 1.1743e-05
60 117 2.190712e-05
60 123 0.00887929
60 127 1.213773e-06
60 128 0.001681519
61 34 0.006871779
61 53 1.41827e-05
61 55 2.269232e-05
61 87 1.19765e-05
61 105 0.0004927174
61 112 2.164174e-05
61 117 8.08939e-05
61 121 6.50303e-05
61 123 0.01278334
61 127 4.12874e-06
61 128 0.005822259
62 53 0.0005211425
62 56 1.391687e-05
62 60 0.000238857
62 63 0.0002970907
62 64 1.164675e-05
62 76 1.283116e-06
62 78 1.855583e-06
62 101 1.273246e-07
62 103 0.000884363
62 104 0.0001135064
62 105 0.0003632205
62 111 5.527269e-06
62 112 1.59896e-05
62 117 5.961554e-05
62 121 4.78701e-05
62 124 0.01029059
62 128 0.01242945
63 53 0.002860716
63 56 4.51742e-06
63 60 7.760452e-05
63 61 0.0004945386
63 76 4.146516e-07
63 79 9.985875e-05
63 80 3.090866e-05
63 86 0.0002168362
63 87 1.150753e-05
63 96 0.0004298682
63 100 1.046139e-05
63 101 1.436064e-07
63 102 1.388512e-06
63 103 0.0009966855
63 104 9.605461e-05
63 106 6.229284e-05
63 108 3.537853e-05
63 111 6.229284e-06
63 112 8.977779e-06
63 117 3.357156e-05
63 121 4.498399e-05
63 124 0.003261102
63 127 1.892561e-06
63 128 0.006009595
64 53 4.390299e-06
64 56 2.50288e-06
64 61 0.0004092825
64 76 2.297726e-07
64 87 6.359778e-06
64 96 0.0004349267
64 100 9.826883e-07
64 112 3.897929e-06
64 117 1.456594e-05
64 124 0.001614563
64 128 0.001174507
65 66 7.420794e-05
65 77 2.128371e-05
65 90 9.786706e-07
65 92 0.0003069035
65 99 1.396744e-06
65 101 2.052358e-07
65 102 1.985846e-06
65 103 0.0007126243
65 104 0.0001368239
65 111 8.912554e-06
65 112 2.565447e-05
65 117 4.807838e-05
65 123 0.004774583
65 127 0.001244717
65 128 0.009963437
66 77 7.787768e-05
66 90 3.570976e-06
66 92 0.001122578
66 99 5.109535e-06
66 101 4.330759e-07
66 102 4.207294e-06
66 103 0.0007540839
66 104 0.0001927947
66 105 0.0003096113
66 111 1.880461e-05
66 112 2.716221e-05
66 117 5.081043e-05
66 121 2.725719e-05
66 123 0.01361245
66 127 4.530201e-07
66 128 0.003695391
67 29 1.824603e-05
67 53 2.36677e-06
67 55 4.128815e-06
67 66 6.975195e-05
67 79 1.88716e-05
67 80 5.838728e-06
67 86 4.08711e-05
67 87 2.168671e-06
67 92 0.0001167746
67 106 2.16867e-05
67 123 0.0007705036
67 128 0.000837232
68 29 0.0006682312
68 53 4.871494e-05
68 55 0.0001486052
68 60 1.082554e-05
68 62 0.002679814
68 63 0.002968167
68 64 0.0001013664
68 66 0.002530225
68 76 2.834324e-06
68 77 0.0002420985
68 78 6.190242e-06
68 79 0.0006849616
68 80 0.0002115901
68 85 0.003102994
68 86 0.003450396
68 87 7.853439e-05
68 90 1.112078e-05
68 92 0.003490745
68 99 1.584466e-05
68 100 1.318748e-05
68 101 1.663197e-06
68 102 6.446118e-05
68 103 0.006068209
68 104 0.001479163
68 105 0.002368825
68 106 0.002886483
68 107 0.001262652
68 108 0.001640562
68 109 4.162913e-05
68 110 9.939816e-05
68 111 7.213747e-05
68 113 0.0004664825
68 114 7.636928e-05
68 115 0.0006524849
68 116 1.486052e-05
68 118 6.485484e-05
68 121 0.0002086377
68 123 0.04999038
68 128 0.09857345
69 53 1.344317e-05
69 55 3.375299e-05
69 62 0.0006112289
69 66 7.553319e-05
69 76 6.470128e-07
69 77 5.522337e-05
69 78 2.824032e-06
69 79 0.0001566758
69 80 4.826e-05
69 85 0.000749529
69 86 0.0003375299
69 87 1.789199e-05
69 90 2.533892e-06
69 92 0.0007959515
69 99 3.626753e-06
69 101 3.781495e-07
69 102 1.470044e-05
69 103 0.000439079
69 104 0.0001682814
69 105 0.000359774
69 106 0.0006586185
69 107 0.000288206
69 108 0.000374281
69 109 9.487588e-06
69 110 2.272766e-05
69 111 1.644128e-05
69 113 0.0001063848
69 114 1.740842e-05
69 115 0.0001489387
69 116 3.394641e-06
69 118 1.479716e-05
69 121 4.74863e-05
69 123 0.01338707
69 128 0.0171028
70 117 4.472196e-06
70 121 3.594921e-06
70 123 0.0001077523
70 127 0.000175455
70 128 0.0002803466
71 76 5.023233e-08
71 79 1.209115e-05
71 80 3.735476e-06
71 82 0.0002162644
71 85 5.495082e-05
71 92 6.183196e-05
71 102 7.33333e-07
71 106 3.283287e-05
71 107 1.435209e-05
71 108 1.867738e-05
71 116 1.700625e-07
71 123 0.001250402
71 128 0.001466666
72 34 0.002948422
72 55 1.406336e-05
72 66 0.0005820669
72 76 2.832205e-07
72 77 2.422023e-05
72 78 2.470854e-06
72 90 1.113349e-06
72 92 0.0003486542
72 99 1.582128e-06
72 101 1.16218e-07
72 102 4.511995e-06
72 103 0.0002021608
72 104 0.000103522
72 105 0.0001103583
72 106 0.0002021608
72 107 8.838431e-05
72 108 0.0001152414
72 111 5.049137e-06
72 113 3.271685e-05
72 114 5.35189e-06
72 115 4.570592e-05
72 116 1.044986e-06
72 121 4.375267e-05
72 123 0.005435879
72 128 0.004999329
73 55 4.703869e-06
73 76 2.654945e-07
73 79 9.292307e-05
73 80 1.981589e-05
73 85 0.0002905048
73 101 1.548718e-07
73 102 6.021723e-06
73 103 0.001079293
73 104 0.0002077783
73 105 0.0002212454
73 106 0.0002703042
73 107 0.0001183182
73 108 0.0001529479
73 111 6.743175e-06
73 113 4.367192e-05
73 114 7.137569e-06
73 115 6.098678e-05
73 116 1.394808e-06
73 121 1.952731e-05
73 123 0.00699905
73 128 0.006930753
74 55 2.030876e-05
74 76 3.881675e-07
74 79 0.0001240535
74 80 2.891247e-05
74 85 0.0004241831
74 101 2.27098e-07
74 102 8.813803e-06
74 103 0.0007903411
74 104 0.0001010436
74 105 0.0006482797
74 106 0.0003951706
74 107 0.0001730747
74 108 0.0002240967
74 110 1.360587e-05
74 111 9.874261e-06
74 113 6.392758e-05
74 114 1.040449e-05
74 115 8.923851e-05
74 116 2.040881e-06
74 121 2.85123e-05
74 123 0.01109279
74 128 0.01069662
75 55 5.142632e-06
75 76 9.948731e-08
75 79 0.0003396871
75 80 7.42474e-06
75 85 0.000109373
75 101 5.815696e-08
75 102 2.261075e-06
75 104 2.597608e-05
75 106 0.0001012751
75 107 4.427501e-05
75 108 5.763113e-05
75 111 2.534508e-06
75 113 1.640594e-05
75 114 2.681741e-06
75 115 2.292625e-05
75 116 5.226765e-07
75 123 0.002158012
75 128 0.003262259
76 123 1.144732e-05
76 127 5.80193e-05
76 128 2.661256e-05
77 112 3.296617e-06
77 117 1.228916e-05
77 121 8.261049e-06
77 123 0.0009480212
77 127 0.0001261102
77 128 0.0003491683
78 117 7.426106e-06
78 123 0.0003048402
78 127 0.0003741038
78 128 0.0002068915
79 55 4.951045e-06
79 92 0.0003497091
79 101 1.957611e-07
79 102 3.801186e-06
79 103 0.0003402061
79 104 0.0001748546
79 105 0.0001862581
79 111 8.514657e-06
79 112 2.451765e-05
79 117 2.299718e-05
79 121 2.461268e-05
79 123 0.007699301
79 127 0.0002614266
79 128 0.004947244
80 112 6.396592e-06
80 117 2.391249e-05
80 123 0.001980752
80 127 0.0002939244
80 128 0.0009863903
81 53 8.403026e-06
81 55 5.663542e-05
81 76 5.22639e-07
81 77 4.468661e-05
81 78 2.282903e-06
81 79 0.0001058878
81 80 3.27378e-05
81 82 0.0003876078
81 85 0.0004808668
81 86 0.0002292617
81 87 1.21431e-05
81 92 0.0005410966
81 100 2.05947e-06
81 101 5.13896e-07
81 102 1.000591e-05
81 105 0.0003672074
81 106 0.0004478375
81 107 0.0001952611
81 108 0.0002545194
81 110 1.544602e-05
81 111 2.234331e-05
81 112 3.225208e-05
81 113 7.237288e-05
81 114 1.185167e-05
81 115 0.0001010306
81 116 2.312046e-06
81 117 6.032692e-05
81 118 1.000591e-05
81 121 0.0001612604
81 123 0.01755018
81 124 0.008763433
81 127 1.389171e-07
81 128 0.01046735
82 53 2.160846e-05
82 55 5.649208e-05
82 76 2.170536e-07
82 101 1.104648e-06
82 102 1.065888e-05
82 103 0.001914723
82 104 0.000736432
82 105 0.0005232543
82 111 4.786808e-05
82 112 6.899204e-05
82 117 8.604627e-05
82 121 0.0003459292
82 123 0.04610549
82 127 0.01052429
82 128 0.02019955
83 55 4.132161e-06
83 123 8.5878e-05
83 127 2.806948e-05
83 128 0.0001262605
84 53 4.210321e-05
84 55 0.0001149147
84 62 0.001873399
84 76 2.201727e-06
84 77 0.0001883056
84 78 1.921683e-06
84 79 0.0005320841
84 80 0.0001641639
84 92 0.002711601
84 99 1.236057e-05
84 101 2.578338e-06
84 102 2.501085e-05
84 103 0.004483605
84 104 0.001723721
84 105 0.001226401
84 106 0.001121143
84 108 0.0006373421
84 111 0.0001120177
84 112 0.0001612669
84 117 0.0001506445
84 121 0.0003234994
84 123 0.1078238
84 127 1.187774e-06
84 128 0.06385782
85 55 1.7366e-05
85 92 0.001226174
85 101 8.913269e-07
85 102 8.663811e-06
85 103 0.001551427
85 104 0.0005967764
85 105 0.0004240758
85 111 3.876168e-05
85 112 5.59358e-05
85 117 4.183192e-05
85 121 0.0001679033
85 123 0.03076756
85 127 0.003528868
85 128 0.01909301
86 92 0.0006278889
86 101 2.305293e-07
86 111 1.000982e-05
86 112 5.773342e-05
86 117 0.000216374
86 121 5.783453e-05
86 123 0.01468714
86 127 0.001181968
86 128 0.003165733
87 112 2.884821e-06
87 117 1.079286e-05
87 123 0.001344569
87 127 0.00100656
87 128 7.413788e-05
88 112 4.414181e-05
88 117 0.0006594807
88 121 0.0001323196
88 123 0.0158106
88 127 2.635806e-05
88 128 0.01735715
89 55 3.881455e-06
89 92 9.184149e-05
89 99 4.175504e-07
89 101 8.752877e-08
89 102 8.498033e-07
89 103 0.0006194645
89 104 5.851587e-05
89 111 3.803041e-06
89 112 5.488926e-06
89 117 8.213785e-05
89 121 2.744463e-05
89 123 0.002222035
89 127 1.774099e-07
89 128 0.001707448
90 123 3.288866e-05
90 127 9.972789e-05
90 128 3.804362e-06
91 53 1.833535e-05
91 55 0.0001995615
91 76 2.390686e-07
91 82 0.0004041881
91 85 0.001046432
91 92 0.0001965225
91 112 7.800121e-06
91 117 2.917448e-05
91 121 3.91019e-05
91 123 0.004079362
91 124 0.002037148
91 127 0.002102994
91 128 0.00187912
92 112 6.05662e-05
92 117 0.0002262807
92 121 3.033125e-05
92 123 0.01097414
92 127 0.002917869
92 128 0.01288548
93 29 5.618622e-05
93 53 4.604953e-06
93 56 2.616231e-06
93 60 4.508413e-05
93 63 5.039383e-05
93 64 1.554292e-05
93 76 2.413497e-07
93 78 1.052285e-06
93 85 0.0002645193
93 92 0.0002963775
93 96 0.0004151216
93 100 1.129517e-06
93 101 1.409483e-07
93 102 5.473812e-06
93 103 0.0002452114
93 104 6.284747e-05
93 105 0.0002017684
93 106 0.0002452114
93 107 0.0001071593
93 108 0.0001390175
93 111 6.130284e-06
93 113 3.96779e-05
93 114 6.487481e-06
93 115 5.54139e-05
93 116 1.264673e-06
93 121 1.76668e-05
93 123 0.006429557
93 128 0.006233581
94 56 1.664185e-05
94 60 0.0002850156
94 62 0.001441337
94 63 0.000319447
94 64 9.851211e-05
94 70 9.755568e-06
94 76 1.520721e-06
94 78 6.656741e-06
94 79 0.0003682249
94 80 0.000113815
94 85 0.001668967
94 86 0.0007967047
94 87 4.217849e-05
94 92 0.002816681
94 96 0.002626352
94 101 8.923476e-07
94 102 3.46227e-05
94 103 0.001034855
94 104 0.0003978742
94 105 0.0008493083
94 106 0.00155324
94 107 0.0006790641
94 108 0.0008827832
94 109 2.238042e-05
94 110 5.355998e-05
94 111 3.883099e-05
94 113 0.0002515406
94 114 4.112642e-05
94 115 0.0003510092
94 116 8.014868e-06
94 118 3.490963e-05
94 121 0.0001119021
94 123 0.01556587
94 124 0.01556587
94 128 0.06426146
95 29 4.568833e-05
95 56 2.137188e-06
95 60 0.0002830587
95 62 0.000185223
95 63 4.103401e-05
95 64 1.263316e-05
95 70 7.503905e-05
95 76 1.956714e-07
95 78 8.558251e-07
95 79 6.174099e-05
95 80 1.909221e-05
95 85 0.0002146687
95 86 0.000102585
95 87 5.423709e-06
95 92 0.001058146
95 96 0.0004397858
95 101 1.073343e-07
95 102 4.160393e-06
95 103 0.0001244318
95 104 4.768304e-05
95 105 0.0001016352
95 106 0.0001861728
95 107 8.140312e-05
95 108 0.0001054346
95 111 4.654321e-06
95 113 3.011061e-05
95 114 4.929781e-06
95 115 4.207886e-05
95 116 9.5936e-07
95 123 0.00082258
95 124 0.00082258
95 128 0.004128098
96 34 0.001968008
96 55 2.082393e-05
96 60 7.46924e-05
96 76 4.008362e-07
96 100 1.86731e-06
96 101 4.047468e-07
96 102 7.870077e-06
96 103 0.00140977
96 104 0.0002708088
96 105 0.0002893842
96 111 1.759769e-05
96 112 5.083776e-05
96 117 9.502751e-05
96 121 2.541888e-05
96 123 0.002906551
96 124 0.0052402
96 127 4.233221e-06
96 128 0.008512392
97 55 4.645185e-05
97 62 0.0008396687
97 85 0.000972248
97 87 2.455171e-05
97 92 0.001094025
97 99 4.979088e-06
97 101 3.466702e-07
97 102 6.746812e-06
97 103 0.002416871
97 104 0.0003093516
97 105 0.0009918894
97 111 1.512386e-05
97 112 4.350564e-05
97 117 0.0001630234
97 121 0.0001306151
97 123 0.01420661
97 127 4.399667e-08
97 128 0.01697898
98 90 3.659218e-06
98 92 0.001152013
98 99 5.237317e-06
98 101 2.741947e-07
98 102 5.316223e-06
98 103 0.0009527776
98 104 0.0001223027
98 105 0.0007821455
98 111 1.193438e-05
98 112 3.432366e-05
98 117 0.0002564412
98 121 3.442229e-05
98 123 0.002414492
98 127 4.458131e-08
98 128 0.02934476
99 55 3.276218e-06
99 66 7.47786e-05
99 77 1.180715e-06
99 90 5.392994e-08
99 92 1.404093e-05
99 103 0.0001033923
99 105 5.648284e-05
99 117 9.286163e-06
99 121 2.489075e-06
99 123 4.39311e-05
99 127 3.116661e-08
99 128 0.0003020928
100 53 3.602316e-06
100 55 6.41781e-07
100 60 1.042776e-05
100 62 5.299196e-05
100 70 2.768095e-06
100 76 2.464743e-07
100 78 1.080695e-06
100 79 5.96278e-05
100 80 1.839077e-05
100 85 0.0002426823
100 86 0.0001156533
100 87 6.83492e-06
100 92 6.958157e-05
100 96 0.0003867749
100 101 1.943355e-07
100 102 3.772952e-06
100 103 0.0003384281
100 104 0.000129873
100 105 9.252263e-05
100 106 8.455962e-05
100 107 3.697113e-05
100 108 4.806247e-05
100 111 8.455962e-06
100 112 1.222891e-05
100 113 1.365088e-05
100 114 2.237228e-06
100 115 1.914915e-05
100 116 4.370178e-07
100 117 1.137573e-05
100 121 2.445783e-05
100 123 0.0002000233
100 124 0.0002000233
100 127 1.175493e-08
100 128 0.008161141
101 123 3.103656e-06
101 128 1.19914e-05
102 123 7.286941e-05
102 128 0.0002819773
103 112 5.451966e-05
103 123 0.01039394
103 128 0.03080462
104 112 1.219544e-05
104 123 0.001878298
104 128 0.006901419
105 112 2.643757e-05
105 117 2.043827e-05
105 123 0.004063251
105 128 0.01493214
106 112 1.686294e-05
106 117 1.302586e-05
106 123 0.002597094
106 128 0.009545228
107 112 8.012375e-06
107 123 0.00123189
107 128 0.004525414
108 112 9.589852e-06
108 123 0.001474351
108 128 0.005417407
109 112 4.638556e-06
109 123 0.001161691
109 128 0.002620989
110 112 9.308326e-06
110 123 0.001813055
110 128 0.005259204
111 123 0.0001406188
111 128 0.0005152674
112 123 0.0002195675
112 128 0.0008054182
113 112 6.482414e-06
113 123 0.0009961035
113 128 0.003662358
114 112 2.139202e-06
114 123 0.0003281493
114 128 0.001205637
115 112 7.748478e-06
115 123 0.001191122
115 128 0.004377066
116 123 1.063141e-05
116 128 4.096508e-05
117 123 0.002317719
117 128 0.0009972956
118 117 2.3058e-05
118 123 0.005180155
118 128 0.001301356
119 117 1.158772e-05
119 123 0.002583749
119 128 0.0006555936
120 123 1.843728e-05
120 128 4.699908e-06
121 123 0.0005581483
121 128 0.002133797
122 123 0.0007900859
122 128 0.001764249
123 16 220.8467
123 17 7.424091
123 18 0.1202653
123 19 0.5760418
123 20 0.01039781
123 21 0.7554034
123 22 0.006146489
123 23 0.4085391
123 27 0.08914252
123 31 0.34788
123 37 0.1808041
123 124 122.5214
123 128 6.071713
124 24 181.7294
124 25 10.91645
124 26 83.11821
124 30 0.1310163
124 32 0.2348376
124 35 1.199547
124 36 0.139393
124 38 0.3895701
124 39 0.05424966
124 40 0.1706138
124 41 0.1383476
124 44 0.02749635
124 45 0.3942595
124 48 0.02391225
124 49 0.2169058
124 50 0.0006821456
124 51 0.009448903
124 61 0.001107325
124 91 0.005173367
124 128 306.6243
125 15 166.4231
126 1 5.217257
126 2 73.88673
126 3 0.085891
126 4 0.445422
126 5 0.613985
126 6 0.713598
126 7 0.015419
126 8 10.5
126 9 280
126 10 33
126 11 20
126 12 111
126 13 74
126 14 110
126 22 0.0547
126 52 0.00101
126 123 6
126 125 13
