%%MatrixMarket matrix coordinate real general
90 90 127
6 1 1
6 5 1
8 7 1
10 8 1
11 7 1
11 10 1
14 13 1
17 16 1
18 5 1
20 4 1
23 4 1
26 14 1
26 17 1
26 25 1
27 2 1
28 27 1
29 3 1
29 19 1
29 22 1
30 28 1
30 29 1
31 3 1
31 4 1
31 20 1
31 23 1
32 2 1
32 18 1
32 21 1
33 32 1
34 4 1
35 6 1
36 35 1
37 7 1
38 36 1
38 37 1
39 7 1
39 8 1
40 2 1
40 6 1
40 18 1
40 21 1
41 5 1
41 40 1
42 8 1
42 34 1
43 9 1
44 43 1
45 10 1
46 44 1
46 45 1
47 10 1
47 11 1
48 9 1
48 32 1
48 40 1
49 1 1
49 48 1
50 11 1
50 34 1
51 12 1
52 51 1
53 13 1
54 52 1
54 53 1
55 13 1
55 14 1
56 12 1
56 32 1
56 40 1
57 1 1
57 56 1
58 14 1
58 34 1
59 15 1
60 59 1
61 16 1
62 60 1
62 61 1
63 16 1
63 17 1
64 15 1
64 48 1
65 64 1
66 17 1
66 34 1
67 18 1
68 67 1
69 19 1
70 68 1
70 69 1
71 19 1
71 20 1
72 18 1
72 32 1
72 40 1
73 1 1
73 72 1
74 20 1
74 42 1
74 50 1
75 21 1
76 75 1
77 22 1
78 76 1
78 77 1
79 22 1
79 23 1
80 21 1
80 48 1
81 80 1
82 23 1
82 34 1
83 24 1
84 83 1
85 25 1
86 84 1
86 85 1
87 25 1
87 26 1
88 24 1
88 32 1
88 40 1
89 88 1
90 26 1
90 34 1
90 42 1
90 50 1
