%%MatrixMarket matrix coordinate integer general
200 200 2963
1 10 1
1 13 1
1 17 1
1 22 1
1 44 1
1 47 1
1 49 1
1 54 1
1 58 1
1 66 1
1 73 1
1 76 1
1 85 1
1 107 1
1 110 1
1 131 1
1 136 1
1 137 1
1 143 1
1 145 1
1 147 1
1 152 1
1 157 1
1 169 1
1 172 1
1 177 1
1 185 1
1 194 1
2 8 1
2 10 1
2 11 1
2 26 1
2 27 1
2 28 1
2 30 1
2 37 1
2 44 1
2 55 1
2 57 1
2 59 1
2 66 1
2 70 1
2 81 1
2 88 1
2 96 1
2 100 1
2 107 1
2 129 1
2 134 1
2 136 1
2 158 1
2 159 1
2 161 1
2 174 1
2 181 1
2 182 1
2 185 1
2 188 1
2 191 1
2 194 1
2 195 1
3 17 1
3 26 1
3 32 1
3 34 1
3 35 1
3 38 1
3 54 1
3 57 1
3 71 1
3 93 1
3 104 1
3 117 1
3 118 1
3 119 1
3 124 1
3 136 1
3 145 1
3 150 1
3 154 1
3 156 1
3 161 1
3 164 1
3 170 1
3 182 1
3 185 1
3 186 1
3 189 1
4 11 1
4 19 1
4 20 1
4 30 1
4 40 1
4 41 1
4 42 1
4 45 1
4 59 1
4 62 1
4 75 1
4 79 1
4 83 1
4 84 1
4 93 1
4 100 1
4 101 1
4 105 1
4 117 1
4 118 1
4 128 1
4 140 1
4 142 1
4 146 1
4 148 1
4 159 1
4 160 1
4 161 1
4 162 1
4 166 1
4 179 1
4 180 1
4 190 1
5 12 1
5 16 1
5 18 1
5 20 1
5 43 1
5 48 1
5 54 1
5 56 1
5 64 1
5 69 1
5 78 1
5 80 1
5 83 1
5 85 1
5 99 1
5 106 1
5 108 1
5 123 1
5 125 1
5 126 1
5 138 1
5 140 1
5 142 1
5 144 1
5 149 1
5 153 1
5 172 1
5 176 1
5 184 1
5 185 1
5 199 1
6 11 1
6 16 1
6 17 1
6 26 1
6 33 1
6 34 1
6 44 1
6 48 1
6 58 1
6 66 1
6 70 1
6 72 1
6 73 1
6 83 1
6 86 1
6 88 1
6 109 1
6 110 1
6 123 1
6 131 1
6 133 1
6 137 1
6 140 1
6 141 1
6 149 1
6 152 1
6 164 1
6 165 1
6 173 1
6 176 1
6 177 1
6 182 1
6 186 1
6 190 1
6 199 1
7 9 1
7 17 1
7 21 1
7 31 1
7 41 1
7 60 1
7 69 1
7 72 1
7 85 1
7 90 1
7 92 1
7 102 1
7 104 1
7 111 1
7 114 1
7 117 1
7 124 1
7 126 1
7 158 1
7 162 1
7 163 1
7 165 1
7 166 1
7 169 1
7 174 1
7 179 1
7 182 1
7 193 1
7 198 1
8 18 1
8 19 1
8 22 1
8 24 1
8 28 1
8 39 1
8 50 1
8 59 1
8 69 1
8 72 1
8 84 1
8 87 1
8 89 1
8 90 1
8 104 1
8 107 1
8 116 1
8 130 1
8 134 1
8 141 1
8 148 1
8 154 1
8 168 1
8 173 1
8 185 1
9 22 1
9 36 1
9 38 1
9 40 1
9 44 1
9 45 1
9 48 1
9 50 1
9 56 1
9 62 1
9 66 1
9 73 1
9 92 1
9 97 1
9 99 1
9 102 1
9 109 1
9 110 1
9 131 1
9 134 1
9 135 1
9 136 1
9 138 1
9 143 1
9 151 1
9 155 1
9 158 1
9 161 1
9 186 1
9 190 1
9 192 1
9 200 1
10 40 1
10 45 1
10 46 1
10 53 1
10 63 1
10 66 1
10 77 1
10 85 1
10 92 1
10 95 1
10 107 1
10 108 1
10 111 1
10 117 1
10 126 1
10 127 1
10 135 1
10 141 1
10 145 1
10 148 1
10 149 1
10 152 1
10 164 1
10 170 1
10 172 1
10 176 1
10 178 1
10 181 1
10 183 1
10 189 1
10 200 1
11 27 1
11 33 1
11 34 1
11 40 1
11 47 1
11 48 1
11 52 1
11 60 1
11 69 1
11 76 1
11 77 1
11 79 1
11 93 1
11 95 1
11 97 1
11 99 1
11 104 1
11 124 1
11 128 1
11 138 1
11 140 1
11 141 1
11 148 1
11 163 1
11 182 1
11 186 1
11 190 1
11 195 1
11 196 1
11 200 1
12 29 1
12 30 1
12 52 1
12 60 1
12 66 1
12 70 1
12 75 1
12 81 1
12 86 1
12 90 1
12 94 1
12 105 1
12 109 1
12 126 1
12 138 1
12 139 1
12 140 1
12 144 1
12 148 1
12 153 1
12 154 1
12 161 1
12 162 1
12 166 1
12 195 1
12 196 1
13 14 1
13 18 1
13 41 1
13 50 1
13 53 1
13 69 1
13 79 1
13 82 1
13 87 1
13 89 1
13 95 1
13 98 1
13 100 1
13 102 1
13 141 1
13 144 1
13 147 1
13 152 1
13 159 1
13 177 1
14 18 1
14 20 1
14 26 1
14 31 1
14 36 1
14 41 1
14 48 1
14 52 1
14 57 1
14 65 1
14 77 1
14 88 1
14 89 1
14 91 1
14 96 1
14 101 1
14 113 1
14 117 1
14 135 1
14 142 1
14 143 1
14 151 1
14 174 1
14 178 1
14 180 1
14 187 1
14 195 1
15 16 1
15 17 1
15 19 1
15 21 1
15 23 1
15 28 1
15 38 1
15 41 1
15 42 1
15 54 1
15 57 1
15 68 1
15 72 1
15 74 1
15 83 1
15 84 1
15 85 1
15 89 1
15 91 1
15 93 1
15 94 1
15 96 1
15 98 1
15 99 1
15 100 1
15 113 1
15 121 1
15 122 1
15 124 1
15 130 1
15 131 1
15 132 1
15 139 1
15 152 1
15 156 1
15 158 1
15 169 1
15 178 1
15 182 1
15 193 1
15 199 1
16 21 1
16 29 1
16 38 1
16 42 1
16 53 1
16 57 1
16 59 1
16 68 1
16 72 1
16 78 1
16 106 1
16 109 1
16 114 1
16 118 1
16 122 1
16 126 1
16 133 1
16 138 1
16 142 1
16 150 1
16 152 1
16 154 1
16 161 1
16 166 1
16 171 1
16 175 1
16 181 1
16 185 1
16 188 1
16 194 1
17 24 1
17 28 1
17 32 1
17 34 1
17 37 1
17 39 1
17 44 1
17 46 1
17 57 1
17 61 1
17 64 1
17 72 1
17 75 1
17 76 1
17 87 1
17 94 1
17 98 1
17 100 1
17 101 1
17 106 1
17 111 1
17 114 1
17 115 1
17 116 1
17 119 1
17 123 1
17 125 1
17 134 1
17 142 1
17 150 1
17 151 1
17 162 1
17 165 1
17 168 1
17 177 1
17 184 1
17 185 1
17 187 1
17 193 1
17 200 1
18 25 1
18 30 1
18 34 1
18 46 1
18 59 1
18 64 1
18 66 1
18 71 1
18 74 1
18 77 1
18 79 1
18 81 1
18 86 1
18 93 1
18 110 1
18 111 1
18 117 1
18 120 1
18 125 1
18 148 1
18 156 1
18 163 1
18 183 1
18 192 1
18 194 1
19 21 1
19 23 1
19 26 1
19 35 1
19 41 1
19 49 1
19 53 1
19 61 1
19 65 1
19 77 1
19 81 1
19 96 1
19 99 1
19 113 1
19 119 1
19 129 1
19 132 1
19 134 1
19 138 1
19 143 1
19 147 1
19 153 1
19 159 1
19 164 1
19 169 1
19 177 1
19 182 1
19 184 1
19 187 1
19 196 1
20 22 1
20 24 1
20 28 1
20 34 1
20 45 1
20 49 1
20 54 1
20 71 1
20 73 1
20 75 1
20 82 1
20 110 1
20 113 1
20 122 1
20 124 1
20 128 1
20 130 1
20 132 1
20 140 1
20 146 1
20 178 1
20 183 1
20 200 1
21 22 1
21 34 1
21 38 1
21 44 1
21 68 1
21 86 1
21 90 1
21 93 1
21 94 1
21 122 1
21 143 1
21 144 1
21 145 1
21 146 1
21 149 1
21 156 1
21 159 1
21 161 1
21 166 1
21 171 1
21 182 1
21 186 1
21 190 1
22 30 1
22 37 1
22 40 1
22 43 1
22 46 1
22 51 1
22 81 1
22 92 1
22 99 1
22 105 1
22 109 1
22 138 1
22 147 1
22 154 1
22 158 1
22 162 1
22 178 1
22 186 1
22 197 1
23 24 1
23 26 1
23 30 1
23 31 1
23 34 1
23 44 1
23 45 1
23 58 1
23 60 1
23 61 1
23 65 1
23 69 1
23 70 1
23 83 1
23 89 1
23 90 1
23 98 1
23 99 1
23 101 1
23 103 1
23 106 1
23 111 1
23 112 1
23 116 1
23 122 1
23 146 1
23 152 1
23 154 1
23 159 1
23 161 1
23 175 1
23 181 1
23 185 1
23 186 1
23 188 1
23 194 1
24 50 1
24 53 1
24 59 1
24 65 1
24 67 1
24 76 1
24 79 1
24 87 1
24 95 1
24 105 1
24 108 1
24 111 1
24 112 1
24 114 1
24 119 1
24 122 1
24 128 1
24 131 1
24 153 1
24 157 1
24 158 1
24 159 1
24 164 1
24 171 1
24 175 1
24 184 1
24 186 1
25 27 1
25 38 1
25 41 1
25 72 1
25 75 1
25 85 1
25 104 1
25 108 1
25 115 1
25 116 1
25 120 1
25 124 1
25 130 1
25 133 1
25 135 1
25 145 1
25 146 1
25 154 1
25 157 1
25 160 1
25 170 1
25 191 1
25 196 1
26 29 1
26 36 1
26 43 1
26 59 1
26 63 1
26 76 1
26 81 1
26 94 1
26 97 1
26 99 1
26 106 1
26 108 1
26 112 1
26 134 1
26 147 1
26 149 1
26 150 1
26 158 1
26 162 1
26 166 1
26 171 1
26 173 1
26 181 1
26 184 1
26 187 1
26 190 1
27 32 1
27 39 1
27 40 1
27 49 1
27 56 1
27 57 1
27 70 1
27 74 1
27 77 1
27 79 1
27 90 1
27 91 1
27 92 1
27 98 1
27 106 1
27 109 1
27 123 1
27 125 1
27 135 1
27 143 1
27 145 1
27 156 1
27 163 1
27 179 1
28 33 1
28 40 1
28 44 1
28 62 1
28 64 1
28 66 1
28 71 1
28 74 1
28 80 1
28 81 1
28 82 1
28 83 1
28 88 1
28 89 1
28 94 1
28 98 1
28 101 1
28 112 1
28 122 1
28 124 1
28 125 1
28 126 1
28 133 1
28 150 1
28 154 1
28 155 1
28 158 1
28 161 1
28 165 1
28 179 1
28 192 1
29 30 1
29 36 1
29 40 1
29 42 1
29 45 1
29 56 1
29 93 1
29 111 1
29 112 1
29 120 1
29 133 1
29 138 1
29 141 1
29 155 1
29 159 1
29 160 1
29 168 1
29 182 1
29 187 1
29 190 1
29 191 1
29 192 1
29 193 1
30 33 1
30 40 1
30 49 1
30 55 1
30 61 1
30 71 1
30 73 1
30 76 1
30 79 1
30 83 1
30 94 1
30 114 1
30 122 1
30 128 1
30 141 1
30 147 1
30 152 1
30 173 1
30 175 1
30 179 1
30 180 1
30 183 1
30 187 1
30 195 1
31 38 1
31 43 1
31 55 1
31 62 1
31 63 1
31 65 1
31 66 1
31 71 1
31 85 1
31 86 1
31 91 1
31 92 1
31 104 1
31 111 1
31 130 1
31 133 1
31 139 1
31 162 1
31 163 1
31 193 1
31 196 1
32 35 1
32 45 1
32 48 1
32 63 1
32 79 1
32 83 1
32 86 1
32 92 1
32 94 1
32 95 1
32 101 1
32 102 1
32 109 1
32 117 1
32 118 1
32 124 1
32 129 1
32 134 1
32 152 1
32 157 1
32 168 1
32 172 1
32 181 1
32 191 1
32 196 1
33 37 1
33 44 1
33 53 1
33 59 1
33 65 1
33 78 1
33 104 1
33 120 1
33 129 1
33 130 1
33 131 1
33 135 1
33 138 1
33 150 1
33 160 1
33 161 1
33 164 1
33 169 1
33 181 1
33 183 1
33 189 1
33 193 1
34 36 1
34 48 1
34 50 1
34 51 1
34 54 1
34 61 1
34 62 1
34 63 1
34 68 1
34 74 1
34 76 1
34 100 1
34 103 1
34 114 1
34 118 1
34 120 1
34 122 1
34 123 1
34 125 1
34 133 1
34 135 1
34 143 1
34 157 1
34 158 1
34 159 1
34 163 1
34 173 1
34 175 1
34 187 1
34 190 1
34 192 1
35 39 1
35 44 1
35 45 1
35 49 1
35 60 1
35 73 1
35 89 1
35 102 1
35 110 1
35 113 1
35 130 1
35 146 1
35 151 1
35 152 1
35 167 1
35 168 1
35 174 1
35 175 1
35 176 1
35 188 1
35 189 1
35 192 1
35 195 1
35 197 1
35 199 1
36 38 1
36 43 1
36 46 1
36 49 1
36 70 1
36 74 1
36 79 1
36 81 1
36 87 1
36 93 1
36 94 1
36 95 1
36 105 1
36 113 1
36 117 1
36 120 1
36 122 1
36 136 1
36 138 1
36 139 1
36 142 1
36 145 1
36 148 1
36 165 1
36 185 1
36 192 1
36 193 1
37 38 1
37 39 1
37 41 1
37 51 1
37 69 1
37 71 1
37 82 1
37 91 1
37 128 1
37 129 1
37 141 1
37 143 1
37 146 1
37 151 1
37 157 1
37 161 1
37 170 1
37 171 1
37 177 1
37 180 1
37 191 1
38 40 1
38 42 1
38 43 1
38 45 1
38 65 1
38 67 1
38 78 1
38 105 1
38 119 1
38 123 1
38 138 1
38 154 1
38 159 1
38 172 1
38 189 1
38 200 1
39 57 1
39 74 1
39 78 1
39 82 1
39 86 1
39 92 1
39 97 1
39 98 1
39 99 1
39 113 1
39 118 1
39 142 1
39 149 1
39 153 1
39 159 1
39 166 1
39 176 1
39 179 1
39 180 1
39 195 1
39 196 1
39 200 1
40 72 1
40 79 1
40 82 1
40 96 1
40 97 1
40 114 1
40 137 1
40 139 1
40 156 1
40 161 1
40 176 1
40 188 1
40 191 1
40 194 1
41 50 1
41 52 1
41 53 1
41 54 1
41 75 1
41 100 1
41 105 1
41 116 1
41 123 1
41 136 1
41 139 1
41 140 1
41 148 1
41 150 1
41 156 1
41 158 1
41 174 1
41 194 1
41 198 1
41 199 1
42 48 1
42 52 1
42 68 1
42 75 1
42 76 1
42 82 1
42 89 1
42 90 1
42 103 1
42 104 1
42 111 1
42 113 1
42 114 1
42 115 1
42 118 1
42 119 1
42 132 1
42 136 1
42 143 1
42 144 1
42 148 1
42 149 1
42 170 1
42 179 1
42 189 1
43 48 1
43 56 1
43 70 1
43 79 1
43 88 1
43 89 1
43 100 1
43 102 1
43 106 1
43 107 1
43 111 1
43 127 1
43 132 1
43 146 1
43 159 1
43 178 1
43 179 1
44 48 1
44 55 1
44 58 1
44 81 1
44 89 1
44 95 1
44 100 1
44 103 1
44 105 1
44 113 1
44 116 1
44 117 1
44 126 1
44 133 1
44 134 1
44 140 1
44 141 1
44 159 1
44 168 1
44 174 1
44 176 1
44 180 1
44 185 1
45 61 1
45 67 1
45 68 1
45 77 1
45 87 1
45 88 1
45 105 1
45 120 1
45 127 1
45 130 1
45 140 1
45 145 1
45 158 1
45 161 1
45 180 1
45 191 1
45 196 1
46 51 1
46 53 1
46 58 1
46 67 1
46 68 1
46 70 1
46 72 1
46 76 1
46 77 1
46 81 1
46 85 1
46 88 1
46 90 1
46 91 1
46 96 1
46 104 1
46 106 1
46 109 1
46 112 1
46 117 1
46 125 1
46 130 1
46 133 1
46 145 1
46 151 1
46 154 1
46 162 1
46 163 1
46 184 1
47 50 1
47 53 1
47 60 1
47 64 1
47 67 1
47 68 1
47 87 1
47 96 1
47 102 1
47 109 1
47 112 1
47 115 1
47 153 1
47 157 1
47 166 1
47 170 1
47 173 1
47 180 1
47 189 1
48 57 1
48 59 1
48 72 1
48 73 1
48 83 1
48 98 1
48 115 1
48 125 1
48 126 1
48 133 1
48 145 1
48 146 1
48 149 1
48 153 1
48 160 1
48 166 1
48 169 1
48 178 1
48 179 1
48 184 1
48 188 1
48 189 1
48 200 1
49 51 1
49 55 1
49 65 1
49 74 1
49 76 1
49 77 1
49 86 1
49 87 1
49 88 1
49 108 1
49 110 1
49 136 1
49 141 1
49 142 1
49 148 1
49 153 1
49 161 1
49 168 1
49 190 1
49 191 1
49 199 1
50 63 1
50 65 1
50 76 1
50 80 1
50 81 1
50 101 1
50 108 1
50 120 1
50 123 1
50 129 1
50 138 1
50 153 1
50 156 1
50 169 1
50 171 1
50 173 1
50 178 1
50 179 1
50 192 1
50 195 1
50 200 1
51 53 1
51 54 1
51 73 1
51 82 1
51 92 1
51 110 1
51 112 1
51 117 1
51 132 1
51 133 1
51 139 1
51 140 1
51 153 1
51 154 1
51 155 1
51 160 1
51 162 1
51 176 1
51 183 1
51 196 1
51 198 1
51 199 1
52 83 1
52 101 1
52 113 1
52 115 1
52 122 1
52 124 1
52 126 1
52 127 1
52 130 1
52 134 1
52 136 1
52 139 1
52 161 1
52 175 1
52 180 1
52 183 1
52 185 1
52 190 1
53 60 1
53 64 1
53 66 1
53 67 1
53 77 1
53 79 1
53 84 1
53 85 1
53 98 1
53 99 1
53 102 1
53 103 1
53 110 1
53 125 1
53 139 1
53 145 1
53 150 1
53 157 1
53 160 1
53 170 1
53 182 1
53 187 1
53 194 1
54 68 1
54 74 1
54 89 1
54 95 1
54 98 1
54 108 1
54 109 1
54 114 1
54 126 1
54 132 1
54 135 1
54 139 1
54 141 1
54 144 1
54 156 1
54 157 1
54 180 1
54 183 1
54 195 1
54 200 1
55 57 1
55 63 1
55 70 1
55 73 1
55 76 1
55 86 1
55 88 1
55 98 1
55 100 1
55 104 1
55 120 1
55 121 1
55 122 1
55 129 1
55 131 1
55 133 1
55 142 1
55 143 1
55 151 1
55 153 1
55 160 1
55 169 1
55 171 1
55 172 1
55 176 1
55 186 1
56 57 1
56 69 1
56 70 1
56 86 1
56 92 1
56 101 1
56 102 1
56 126 1
56 128 1
56 146 1
56 154 1
56 161 1
56 178 1
56 179 1
56 180 1
56 186 1
56 193 1
57 65 1
57 71 1
57 73 1
57 77 1
57 78 1
57 89 1
57 91 1
57 101 1
57 111 1
57 127 1
57 132 1
57 152 1
57 176 1
57 178 1
57 180 1
57 190 1
57 198 1
58 59 1
58 74 1
58 84 1
58 92 1
58 95 1
58 97 1
58 110 1
58 114 1
58 115 1
58 116 1
58 134 1
58 138 1
58 140 1
58 142 1
58 145 1
58 146 1
58 149 1
58 155 1
58 162 1
58 167 1
58 188 1
58 189 1
58 194 1
58 195 1
59 69 1
59 73 1
59 76 1
59 101 1
59 103 1
59 112 1
59 113 1
59 120 1
59 124 1
59 125 1
59 137 1
59 138 1
59 140 1
59 151 1
59 160 1
59 162 1
59 169 1
59 179 1
59 182 1
59 185 1
59 188 1
59 191 1
60 61 1
60 65 1
60 82 1
60 86 1
60 113 1
60 114 1
60 115 1
60 117 1
60 122 1
60 123 1
60 125 1
60 127 1
60 132 1
60 134 1
60 142 1
60 143 1
60 145 1
60 148 1
60 151 1
60 154 1
60 162 1
60 166 1
60 170 1
60 171 1
60 174 1
60 184 1
60 187 1
60 194 1
60 199 1
61 62 1
61 68 1
61 70 1
61 80 1
61 81 1
61 100 1
61 103 1
61 104 1
61 105 1
61 108 1
61 117 1
61 124 1
61 129 1
61 136 1
61 138 1
61 139 1
61 141 1
61 154 1
61 156 1
61 163 1
61 169 1
61 187 1
61 192 1
61 197 1
61 200 1
62 74 1
62 95 1
62 97 1
62 103 1
62 105 1
62 131 1
62 141 1
62 162 1
62 178 1
62 185 1
62 187 1
62 192 1
62 195 1
62 196 1
62 199 1
63 64 1
63 72 1
63 77 1
63 90 1
63 99 1
63 100 1
63 103 1
63 106 1
63 108 1
63 114 1
63 121 1
63 130 1
63 141 1
63 143 1
63 149 1
63 150 1
63 161 1
63 168 1
63 170 1
63 176 1
63 180 1
63 199 1
64 79 1
64 82 1
64 84 1
64 85 1
64 90 1
64 98 1
64 103 1
64 114 1
64 122 1
64 124 1
64 126 1
64 134 1
64 136 1
64 143 1
64 161 1
64 172 1
64 174 1
64 185 1
65 72 1
65 83 1
65 85 1
65 88 1
65 95 1
65 96 1
65 104 1
65 110 1
65 118 1
65 125 1
65 135 1
65 139 1
65 143 1
65 148 1
65 170 1
65 173 1
65 183 1
65 184 1
65 196 1
66 70 1
66 94 1
66 98 1
66 99 1
66 108 1
66 109 1
66 116 1
66 119 1
66 120 1
66 125 1
66 135 1
66 136 1
66 154 1
66 165 1
66 172 1
66 175 1
66 177 1
66 188 1
67 78 1
67 80 1
67 81 1
67 103 1
67 104 1
67 110 1
67 115 1
67 117 1
67 119 1
67 132 1
67 134 1
67 138 1
67 170 1
67 179 1
67 180 1
67 181 1
67 184 1
67 195 1
68 77 1
68 79 1
68 81 1
68 82 1
68 92 1
68 93 1
68 99 1
68 105 1
68 106 1
68 109 1
68 110 1
68 111 1
68 128 1
68 134 1
68 139 1
68 158 1
68 159 1
68 161 1
68 177 1
68 178 1
68 179 1
68 186 1
68 198 1
69 75 1
69 77 1
69 78 1
69 88 1
69 89 1
69 102 1
69 105 1
69 106 1
69 112 1
69 113 1
69 114 1
69 119 1
69 123 1
69 129 1
69 153 1
69 157 1
69 191 1
70 71 1
70 73 1
70 74 1
70 79 1
70 89 1
70 96 1
70 100 1
70 105 1
70 107 1
70 118 1
70 120 1
70 132 1
70 143 1
70 147 1
70 155 1
70 156 1
70 158 1
70 161 1
70 167 1
70 169 1
70 176 1
70 185 1
70 186 1
70 193 1
70 195 1
70 197 1
70 198 1
71 81 1
71 83 1
71 90 1
71 102 1
71 108 1
71 118 1
71 122 1
71 123 1
71 138 1
71 142 1
71 145 1
71 147 1
71 149 1
71 155 1
71 162 1
71 167 1
71 175 1
71 180 1
71 181 1
71 183 1
71 185 1
71 195 1
72 74 1
72 83 1
72 84 1
72 89 1
72 102 1
72 104 1
72 109 1
72 110 1
72 118 1
72 125 1
72 126 1
72 142 1
72 147 1
72 161 1
72 167 1
72 172 1
72 175 1
72 180 1
72 181 1
72 185 1
72 193 1
72 194 1
72 196 1
73 77 1
73 87 1
73 91 1
73 92 1
73 96 1
73 99 1
73 103 1
73 110 1
73 114 1
73 135 1
73 136 1
73 161 1
73 180 1
73 186 1
73 190 1
73 194 1
74 81 1
74 90 1
74 91 1
74 103 1
74 104 1
74 106 1
74 111 1
74 112 1
74 115 1
74 122 1
74 123 1
74 138 1
74 145 1
74 148 1
74 157 1
74 175 1
74 189 1
74 190 1
74 193 1
74 200 1
75 77 1
75 92 1
75 93 1
75 95 1
75 96 1
75 97 1
75 100 1
75 109 1
75 117 1
75 123 1
75 134 1
75 135 1
75 139 1
75 142 1
75 146 1
75 162 1
75 163 1
75 168 1
75 171 1
75 187 1
75 196 1
75 199 1
76 79 1
76 86 1
76 93 1
76 101 1
76 106 1
76 109 1
76 110 1
76 111 1
76 115 1
76 117 1
76 134 1
76 136 1
76 156 1
76 159 1
76 164 1
76 168 1
76 179 1
76 182 1
76 185 1
76 191 1
76 197 1
76 199 1
77 80 1
77 82 1
77 97 1
77 101 1
77 106 1
77 109 1
77 123 1
77 129 1
77 137 1
77 139 1
77 147 1
77 152 1
77 155 1
77 161 1
77 183 1
77 187 1
77 189 1
77 197 1
78 85 1
78 99 1
78 119 1
78 131 1
78 134 1
78 138 1
78 147 1
78 152 1
78 154 1
78 156 1
78 162 1
78 169 1
78 176 1
78 184 1
78 191 1
78 200 1
79 92 1
79 99 1
79 109 1
79 116 1
79 120 1
79 133 1
79 134 1
79 142 1
79 185 1
79 190 1
79 193 1
80 88 1
80 108 1
80 124 1
80 134 1
80 136 1
80 149 1
80 153 1
80 161 1
80 164 1
80 171 1
80 187 1
81 91 1
81 108 1
81 111 1
81 139 1
81 147 1
81 151 1
81 158 1
81 171 1
81 172 1
81 180 1
81 185 1
81 188 1
82 86 1
82 91 1
82 104 1
82 107 1
82 130 1
82 140 1
82 141 1
82 150 1
82 154 1
82 183 1
82 189 1
82 192 1
82 195 1
82 198 1
83 93 1
83 96 1
83 100 1
83 103 1
83 105 1
83 106 1
83 115 1
83 134 1
83 137 1
83 164 1
83 184 1
83 186 1
83 196 1
83 198 1
84 88 1
84 104 1
84 105 1
84 113 1
84 118 1
84 127 1
84 135 1
84 144 1
84 147 1
84 154 1
84 157 1
84 174 1
84 180 1
84 188 1
84 192 1
84 195 1
84 197 1
85 92 1
85 98 1
85 107 1
85 110 1
85 118 1
85 128 1
85 130 1
85 131 1
85 142 1
85 143 1
85 148 1
85 168 1
85 172 1
85 179 1
85 185 1
85 187 1
85 189 1
85 199 1
85 200 1
86 88 1
86 93 1
86 113 1
86 123 1
86 152 1
86 161 1
86 163 1
86 170 1
86 176 1
86 182 1
86 186 1
86 195 1
87 88 1
87 89 1
87 97 1
87 106 1
87 112 1
87 153 1
87 156 1
87 160 1
87 183 1
87 191 1
88 90 1
88 93 1
88 95 1
88 96 1
88 102 1
88 108 1
88 109 1
88 120 1
88 126 1
88 127 1
88 134 1
88 146 1
88 148 1
88 150 1
88 156 1
88 177 1
88 183 1
88 192 1
89 91 1
89 111 1
89 119 1
89 123 1
89 127 1
89 138 1
89 142 1
89 146 1
89 163 1
89 166 1
89 172 1
89 179 1
89 181 1
89 187 1
89 200 1
90 93 1
90 97 1
90 100 1
90 106 1
90 108 1
90 113 1
90 115 1
90 137 1
90 153 1
90 155 1
90 159 1
90 161 1
90 171 1
90 173 1
90 174 1
90 186 1
90 190 1
90 195 1
90 200 1
91 101 1
91 102 1
91 112 1
91 116 1
91 133 1
91 140 1
91 153 1
91 154 1
91 156 1
91 161 1
91 169 1
91 170 1
91 187 1
91 191 1
91 195 1
92 105 1
92 113 1
92 115 1
92 116 1
92 119 1
92 127 1
92 129 1
92 130 1
92 132 1
92 142 1
92 145 1
92 159 1
92 165 1
92 170 1
92 197 1
93 94 1
93 95 1
93 99 1
93 104 1
93 113 1
93 114 1
93 119 1
93 120 1
93 144 1
93 150 1
93 162 1
93 163 1
93 168 1
93 184 1
93 190 1
94 96 1
94 101 1
94 102 1
94 107 1
94 132 1
94 142 1
94 146 1
94 148 1
94 164 1
94 167 1
94 170 1
94 173 1
94 175 1
94 182 1
94 183 1
94 190 1
94 195 1
94 200 1
95 100 1
95 106 1
95 111 1
95 117 1
95 122 1
95 136 1
95 154 1
95 155 1
95 158 1
95 164 1
95 169 1
95 173 1
95 184 1
95 192 1
95 194 1
95 197 1
96 97 1
96 100 1
96 114 1
96 122 1
96 125 1
96 132 1
96 135 1
96 142 1
96 143 1
96 145 1
96 152 1
96 168 1
96 172 1
96 173 1
96 175 1
96 183 1
96 199 1
97 103 1
97 104 1
97 119 1
97 135 1
97 136 1
97 158 1
97 159 1
97 163 1
97 164 1
97 172 1
97 178 1
97 181 1
98 101 1
98 114 1
98 116 1
98 118 1
98 120 1
98 135 1
98 141 1
98 143 1
98 145 1
98 158 1
98 160 1
98 161 1
98 162 1
98 169 1
98 171 1
98 179 1
98 181 1
98 187 1
98 196 1
98 198 1
99 101 1
99 109 1
99 123 1
99 128 1
99 130 1
99 133 1
99 146 1
99 159 1
99 162 1
99 169 1
99 175 1
99 178 1
99 179 1
99 188 1
99 191 1
99 198 1
100 106 1
100 113 1
100 139 1
100 142 1
100 146 1
100 161 1
100 163 1
100 169 1
100 178 1
100 180 1
100 189 1
100 197 1
100 199 1
101 112 1
101 116 1
101 119 1
101 124 1
101 125 1
101 133 1
101 137 1
101 160 1
101 167 1
101 173 1
101 175 1
101 176 1
101 183 1
101 193 1
101 196 1
101 200 1
102 108 1
102 110 1
102 113 1
102 119 1
102 123 1
102 127 1
102 132 1
102 143 1
102 147 1
102 149 1
102 155 1
102 173 1
102 178 1
102 182 1
102 185 1
102 187 1
102 198 1
103 113 1
103 120 1
103 135 1
103 145 1
103 148 1
103 152 1
103 158 1
103 159 1
103 162 1
103 163 1
103 164 1
103 165 1
103 166 1
103 183 1
103 194 1
103 197 1
103 198 1
103 200 1
104 108 1
104 113 1
104 118 1
104 122 1
104 131 1
104 137 1
104 146 1
104 148 1
104 155 1
104 159 1
104 165 1
104 171 1
104 179 1
104 193 1
104 198 1
105 108 1
105 109 1
105 110 1
105 113 1
105 115 1
105 126 1
105 130 1
105 142 1
105 150 1
105 156 1
105 170 1
105 188 1
105 191 1
105 193 1
105 197 1
106 107 1
106 110 1
106 117 1
106 120 1
106 121 1
106 128 1
106 133 1
106 138 1
106 141 1
106 149 1
106 157 1
106 159 1
106 160 1
106 162 1
106 164 1
106 171 1
106 182 1
107 110 1
107 119 1
107 125 1
107 127 1
107 137 1
107 142 1
107 143 1
107 151 1
107 157 1
107 169 1
107 184 1
107 192 1
108 111 1
108 114 1
108 116 1
108 122 1
108 132 1
108 140 1
108 148 1
108 167 1
108 168 1
108 172 1
108 176 1
108 181 1
108 182 1
109 132 1
109 134 1
109 138 1
109 143 1
109 147 1
109 149 1
109 153 1
109 156 1
109 173 1
109 186 1
110 123 1
110 133 1
110 134 1
110 138 1
110 142 1
110 148 1
110 151 1
110 154 1
110 155 1
110 156 1
110 167 1
110 169 1
110 173 1
110 176 1
110 188 1
110 191 1
110 193 1
110 198 1
110 199 1
111 118 1
111 127 1
111 129 1
111 161 1
111 171 1
111 172 1
111 176 1
111 177 1
111 183 1
111 190 1
111 193 1
111 200 1
112 113 1
112 124 1
112 127 1
112 128 1
112 132 1
112 135 1
112 141 1
112 158 1
112 166 1
112 175 1
112 176 1
112 178 1
112 179 1
112 189 1
112 193 1
113 119 1
113 123 1
113 132 1
113 150 1
113 151 1
113 155 1
113 160 1
113 164 1
113 165 1
113 172 1
113 180 1
113 191 1
113 192 1
113 197 1
113 198 1
113 200 1
114 119 1
114 143 1
114 155 1
114 163 1
114 169 1
114 179 1
114 184 1
114 188 1
114 189 1
114 190 1
115 117 1
115 118 1
115 119 1
115 126 1
115 128 1
115 129 1
115 131 1
115 134 1
115 137 1
115 152 1
115 156 1
115 172 1
115 182 1
115 192 1
116 136 1
116 143 1
116 151 1
116 156 1
116 159 1
116 172 1
116 194 1
117 127 1
117 147 1
117 165 1
117 183 1
117 188 1
117 189 1
118 135 1
118 139 1
118 142 1
118 151 1
118 156 1
118 162 1
118 167 1
118 170 1
118 171 1
118 174 1
118 180 1
118 181 1
118 184 1
118 192 1
119 121 1
119 123 1
119 130 1
119 140 1
119 141 1
119 142 1
119 143 1
119 145 1
119 148 1
119 149 1
119 153 1
119 157 1
119 167 1
119 172 1
119 177 1
119 181 1
119 186 1
119 187 1
120 121 1
120 123 1
120 124 1
120 130 1
120 140 1
120 148 1
120 154 1
120 157 1
120 159 1
120 161 1
120 169 1
120 174 1
120 180 1
120 187 1
120 188 1
120 189 1
120 192 1
121 150 1
121 157 1
121 162 1
121 170 1
121 171 1
121 172 1
121 177 1
121 181 1
121 186 1
121 189 1
121 190 1
121 198 1
121 199 1
122 126 1
122 132 1
122 138 1
122 140 1
122 152 1
122 161 1
122 163 1
122 167 1
122 171 1
122 175 1
122 180 1
122 184 1
122 189 1
122 197 1
123 150 1
123 170 1
123 178 1
123 185 1
123 189 1
123 190 1
123 194 1
123 198 1
123 199 1
124 133 1
124 137 1
124 146 1
124 152 1
124 153 1
124 164 1
124 167 1
124 173 1
124 177 1
124 178 1
124 179 1
124 181 1
124 185 1
125 128 1
125 132 1
125 134 1
125 146 1
125 148 1
125 150 1
125 151 1
125 154 1
125 158 1
125 186 1
126 131 1
126 142 1
126 145 1
126 160 1
126 162 1
126 164 1
126 173 1
126 176 1
126 177 1
126 182 1
126 185 1
126 196 1
126 198 1
127 128 1
127 133 1
127 139 1
127 148 1
127 160 1
127 163 1
127 172 1
127 175 1
127 176 1
127 183 1
127 191 1
127 199 1
128 136 1
128 155 1
128 157 1
128 163 1
128 174 1
128 177 1
128 179 1
128 184 1
128 188 1
128 191 1
128 192 1
128 198 1
129 135 1
129 137 1
129 146 1
129 151 1
129 155 1
129 157 1
129 162 1
129 166 1
129 167 1
130 140 1
130 141 1
130 144 1
130 160 1
130 170 1
130 171 1
130 187 1
130 190 1
131 143 1
131 148 1
131 150 1
131 156 1
131 161 1
131 162 1
131 168 1
131 169 1
131 170 1
131 171 1
131 173 1
131 184 1
131 190 1
132 138 1
132 139 1
132 146 1
132 149 1
132 150 1
132 156 1
132 161 1
132 164 1
132 166 1
132 178 1
132 181 1
132 184 1
132 193 1
132 195 1
132 196 1
133 144 1
133 148 1
133 157 1
133 166 1
133 167 1
133 168 1
133 177 1
133 178 1
133 181 1
133 190 1
133 199 1
133 200 1
134 137 1
134 142 1
134 147 1
134 155 1
134 159 1
134 174 1
134 179 1
134 180 1
134 181 1
134 188 1
134 190 1
134 192 1
134 196 1
134 199 1
135 136 1
135 143 1
135 144 1
135 145 1
135 150 1
135 159 1
135 168 1
135 173 1
135 184 1
135 190 1
136 138 1
136 149 1
136 161 1
136 163 1
136 174 1
136 176 1
136 195 1
136 197 1
137 138 1
137 143 1
137 151 1
137 153 1
137 154 1
137 176 1
137 181 1
137 191 1
137 192 1
137 196 1
137 197 1
138 142 1
138 144 1
138 147 1
138 191 1
138 199 1
138 200 1
139 142 1
139 154 1
139 163 1
139 164 1
139 173 1
139 194 1
139 198 1
140 192 1
140 193 1
140 194 1
140 196 1
140 200 1
141 144 1
141 148 1
141 152 1
141 154 1
141 162 1
141 164 1
141 183 1
141 190 1
141 195 1
141 196 1
142 146 1
142 155 1
142 157 1
142 160 1
142 163 1
142 168 1
142 176 1
142 182 1
142 192 1
142 193 1
142 194 1
142 197 1
142 199 1
143 146 1
143 151 1
143 164 1
143 168 1
143 176 1
143 181 1
143 192 1
143 194 1
143 195 1
143 198 1
144 145 1
144 149 1
144 150 1
144 151 1
144 154 1
144 155 1
144 160 1
144 174 1
144 177 1
144 180 1
144 200 1
145 147 1
145 150 1
145 151 1
145 159 1
145 162 1
145 165 1
145 180 1
146 150 1
146 174 1
146 177 1
146 184 1
146 188 1
146 195 1
146 198 1
146 200 1
147 151 1
147 166 1
147 172 1
147 179 1
147 183 1
147 194 1
148 152 1
148 155 1
148 174 1
148 180 1
148 182 1
148 194 1
148 199 1
149 163 1
149 173 1
150 153 1
150 157 1
150 168 1
150 180 1
150 185 1
150 188 1
150 191 1
150 193 1
150 198 1
150 199 1
151 164 1
151 170 1
151 172 1
151 181 1
151 191 1
151 200 1
152 156 1
152 160 1
152 161 1
152 162 1
152 164 1
152 165 1
152 168 1
152 169 1
152 175 1
152 178 1
152 191 1
153 159 1
153 162 1
153 170 1
153 176 1
153 186 1
153 199 1
154 161 1
154 166 1
154 190 1
154 192 1
154 200 1
155 184 1
155 187 1
155 190 1
155 191 1
156 161 1
156 174 1
156 177 1
156 194 1
156 200 1
157 163 1
157 166 1
157 170 1
157 181 1
157 184 1
157 186 1
158 159 1
158 160 1
158 163 1
158 165 1
158 167 1
158 171 1
158 194 1
158 197 1
159 161 1
159 162 1
159 169 1
159 193 1
159 200 1
160 161 1
160 173 1
160 177 1
160 179 1
160 182 1
160 187 1
160 196 1
160 198 1
161 164 1
161 167 1
161 177 1
161 179 1
161 180 1
161 181 1
161 188 1
161 189 1
161 197 1
162 164 1
162 175 1
162 178 1
162 185 1
162 188 1
162 191 1
162 195 1
163 164 1
163 171 1
163 172 1
163 175 1
163 185 1
163 191 1
163 199 1
164 174 1
164 185 1
164 197 1
164 198 1
165 173 1
165 176 1
165 182 1
166 175 1
166 189 1
167 168 1
167 173 1
167 187 1
167 191 1
167 192 1
167 197 1
167 200 1
168 171 1
168 177 1
168 199 1
169 173 1
169 182 1
169 185 1
169 193 1
170 174 1
170 193 1
170 198 1
171 178 1
171 183 1
171 198 1
172 180 1
172 191 1
172 192 1
172 193 1
172 194 1
172 199 1
173 177 1
173 180 1
173 181 1
174 179 1
174 182 1
174 194 1
175 188 1
175 196 1
175 198 1
176 178 1
176 197 1
177 183 1
177 191 1
177 200 1
178 191 1
178 196 1
178 199 1
179 188 1
179 191 1
179 198 1
180 182 1
180 185 1
180 187 1
180 196 1
180 198 1
181 187 1
181 188 1
181 196 1
181 200 1
182 190 1
182 197 1
183 184 1
183 187 1
184 186 1
184 187 1
184 193 1
184 200 1
185 188 1
185 191 1
185 192 1
185 199 1
186 187 1
186 191 1
186 192 1
186 193 1
187 190 1
187 191 1
187 192 1
187 196 1
188 192 1
188 195 1
188 198 1
189 190 1
189 191 1
190 196 1
190 200 1
192 198 1
193 194 1
194 198 1
195 200 1
196 198 1
197 200 1
198 200 1
