%%MatrixMarket matrix coordinate integer general
200 200 988
1 13 1
1 14 1
1 50 1
1 64 1
1 111 1
1 142 1
1 189 1
2 6 1
2 21 1
2 78 1
2 150 1
2 154 1
2 177 1
2 181 1
2 198 1
3 59 1
3 62 1
3 67 1
3 72 1
3 79 1
3 92 1
3 104 1
3 115 1
3 158 1
4 23 1
4 32 1
4 33 1
4 39 1
4 51 1
4 67 1
4 139 1
4 151 1
4 180 1
4 181 1
4 195 1
5 23 1
5 58 1
5 69 1
5 73 1
5 105 1
5 110 1
5 112 1
5 163 1
5 166 1
6 11 1
6 25 1
6 49 1
6 81 1
6 92 1
6 111 1
6 113 1
6 126 1
6 137 1
6 196 1
7 11 1
7 42 1
7 77 1
7 99 1
7 108 1
7 142 1
7 144 1
7 149 1
7 156 1
7 162 1
7 173 1
8 36 1
8 49 1
8 56 1
8 64 1
8 92 1
8 94 1
8 141 1
8 167 1
8 174 1
8 179 1
8 187 1
9 35 1
9 53 1
9 70 1
9 90 1
9 97 1
9 122 1
9 134 1
9 139 1
9 196 1
10 16 1
10 17 1
10 47 1
10 52 1
10 64 1
10 144 1
10 161 1
10 179 1
10 182 1
10 190 1
11 14 1
11 15 1
11 26 1
11 34 1
11 44 1
11 62 1
11 64 1
11 82 1
11 88 1
11 107 1
11 134 1
11 146 1
11 187 1
12 19 1
12 62 1
12 94 1
12 125 1
12 165 1
12 174 1
13 86 1
13 89 1
13 100 1
13 124 1
13 125 1
14 18 1
14 34 1
14 41 1
14 58 1
14 63 1
14 124 1
14 129 1
14 133 1
14 148 1
14 177 1
14 198 1
15 36 1
15 62 1
15 74 1
15 86 1
15 93 1
15 129 1
15 136 1
15 142 1
15 147 1
15 152 1
15 174 1
15 183 1
15 195 1
16 46 1
16 76 1
16 78 1
16 83 1
16 96 1
16 104 1
16 109 1
16 115 1
16 127 1
16 132 1
16 144 1
16 175 1
16 195 1
17 29 1
17 32 1
17 103 1
17 118 1
17 139 1
17 146 1
17 194 1
18 34 1
18 44 1
18 53 1
18 66 1
18 121 1
18 127 1
18 144 1
18 145 1
18 146 1
19 47 1
19 60 1
19 63 1
19 87 1
19 90 1
19 118 1
19 125 1
19 126 1
19 130 1
19 167 1
20 49 1
20 63 1
20 97 1
20 119 1
20 143 1
20 146 1
20 161 1
20 194 1
20 200 1
21 31 1
21 46 1
21 80 1
21 87 1
21 98 1
21 159 1
21 197 1
22 44 1
22 52 1
22 57 1
22 67 1
22 83 1
22 109 1
22 114 1
22 144 1
22 156 1
23 30 1
23 34 1
23 35 1
23 46 1
23 55 1
23 121 1
23 194 1
24 43 1
24 47 1
24 63 1
24 65 1
24 66 1
24 99 1
24 115 1
24 120 1
24 172 1
24 182 1
24 198 1
25 49 1
25 63 1
25 78 1
25 83 1
25 109 1
25 123 1
25 144 1
25 145 1
25 165 1
25 166 1
25 171 1
25 176 1
25 194 1
25 197 1
26 50 1
26 94 1
26 114 1
26 121 1
26 142 1
27 39 1
27 43 1
27 52 1
27 62 1
27 71 1
27 77 1
27 79 1
27 86 1
27 110 1
27 112 1
27 125 1
27 165 1
27 171 1
28 30 1
28 51 1
28 78 1
28 81 1
28 82 1
28 91 1
28 174 1
28 189 1
29 75 1
29 92 1
29 94 1
29 105 1
29 115 1
29 130 1
30 42 1
30 58 1
30 64 1
30 149 1
30 172 1
30 194 1
31 73 1
31 89 1
31 103 1
31 108 1
31 114 1
31 165 1
31 166 1
31 169 1
31 174 1
31 184 1
32 105 1
32 106 1
32 142 1
32 144 1
32 152 1
32 158 1
33 117 1
33 123 1
33 160 1
33 173 1
33 191 1
34 78 1
34 96 1
34 136 1
34 149 1
34 152 1
34 159 1
34 176 1
35 74 1
35 77 1
35 109 1
35 117 1
35 134 1
35 158 1
35 162 1
36 64 1
36 77 1
36 79 1
36 128 1
36 130 1
36 149 1
36 165 1
37 78 1
37 93 1
37 104 1
38 59 1
38 67 1
38 102 1
38 107 1
38 145 1
38 159 1
38 162 1
38 179 1
38 199 1
38 200 1
39 41 1
39 42 1
39 81 1
39 88 1
39 100 1
39 103 1
39 104 1
39 126 1
39 154 1
39 158 1
39 191 1
40 56 1
40 59 1
40 80 1
40 88 1
40 91 1
40 116 1
40 149 1
40 175 1
40 186 1
40 189 1
41 65 1
41 80 1
41 98 1
42 75 1
42 78 1
42 151 1
42 167 1
42 170 1
43 48 1
43 82 1
43 114 1
43 120 1
43 122 1
43 126 1
43 142 1
43 166 1
43 196 1
44 97 1
44 149 1
45 56 1
45 69 1
45 101 1
45 108 1
45 119 1
45 132 1
45 158 1
45 162 1
45 179 1
46 63 1
46 69 1
46 103 1
46 120 1
46 123 1
46 127 1
46 134 1
46 136 1
46 157 1
47 59 1
47 71 1
47 80 1
47 86 1
47 92 1
47 100 1
47 139 1
47 177 1
47 184 1
47 191 1
48 79 1
48 104 1
48 118 1
48 126 1
48 151 1
49 91 1
49 105 1
49 106 1
49 139 1
49 143 1
49 144 1
49 166 1
49 182 1
49 193 1
50 67 1
50 93 1
50 104 1
50 114 1
50 155 1
51 70 1
51 100 1
51 102 1
51 114 1
51 136 1
51 137 1
51 146 1
51 158 1
51 178 1
51 181 1
52 72 1
52 106 1
52 114 1
52 129 1
52 156 1
52 169 1
52 185 1
53 63 1
53 70 1
53 78 1
53 92 1
53 103 1
53 127 1
53 135 1
53 139 1
53 181 1
54 91 1
54 101 1
54 200 1
55 62 1
55 80 1
55 83 1
55 84 1
55 103 1
55 157 1
55 167 1
55 176 1
55 192 1
56 80 1
56 133 1
56 134 1
56 140 1
56 145 1
56 181 1
56 183 1
56 196 1
56 197 1
57 66 1
57 120 1
57 129 1
57 158 1
57 194 1
58 76 1
58 78 1
58 89 1
58 92 1
58 107 1
58 112 1
58 135 1
58 137 1
58 153 1
58 161 1
58 174 1
58 190 1
59 64 1
59 73 1
59 109 1
59 128 1
59 157 1
59 167 1
59 169 1
59 179 1
60 108 1
60 169 1
61 74 1
61 84 1
61 124 1
61 143 1
61 152 1
61 153 1
61 154 1
61 169 1
61 200 1
62 135 1
62 137 1
62 138 1
62 147 1
63 110 1
63 115 1
63 188 1
64 65 1
64 89 1
64 91 1
64 99 1
64 116 1
64 139 1
64 141 1
64 154 1
64 158 1
64 160 1
64 169 1
65 128 1
65 136 1
65 137 1
65 198 1
66 78 1
66 90 1
66 91 1
66 117 1
66 144 1
66 175 1
66 190 1
67 75 1
67 106 1
67 107 1
67 116 1
67 123 1
67 164 1
67 182 1
67 189 1
68 126 1
68 181 1
68 194 1
68 196 1
69 101 1
69 105 1
69 112 1
69 130 1
69 161 1
69 192 1
70 111 1
70 138 1
70 166 1
70 173 1
70 181 1
71 131 1
71 133 1
71 157 1
71 159 1
71 168 1
71 171 1
72 80 1
72 120 1
72 128 1
72 148 1
73 101 1
73 112 1
73 192 1
74 105 1
74 159 1
74 168 1
74 169 1
74 188 1
74 196 1
75 117 1
75 125 1
75 134 1
75 144 1
75 149 1
75 186 1
76 89 1
76 115 1
76 147 1
76 167 1
76 172 1
76 188 1
76 192 1
77 114 1
77 133 1
77 157 1
77 175 1
78 97 1
78 111 1
78 142 1
78 147 1
79 105 1
79 110 1
79 130 1
79 175 1
80 104 1
80 114 1
80 117 1
80 162 1
80 167 1
80 178 1
80 182 1
80 191 1
81 102 1
81 140 1
81 145 1
81 200 1
82 91 1
82 140 1
82 150 1
82 179 1
83 85 1
83 130 1
83 135 1
83 151 1
83 153 1
83 154 1
83 170 1
84 108 1
84 110 1
84 112 1
84 150 1
84 175 1
85 100 1
85 111 1
85 158 1
85 167 1
86 89 1
86 92 1
86 113 1
86 126 1
86 184 1
86 188 1
86 191 1
86 195 1
87 109 1
87 110 1
87 150 1
87 167 1
87 184 1
88 96 1
88 154 1
88 182 1
88 199 1
88 200 1
89 129 1
89 130 1
89 133 1
89 177 1
90 91 1
90 108 1
90 128 1
90 137 1
90 138 1
90 182 1
91 121 1
92 93 1
92 112 1
92 115 1
92 119 1
92 133 1
92 141 1
92 159 1
92 176 1
93 101 1
93 130 1
93 139 1
93 144 1
93 189 1
94 100 1
94 117 1
94 124 1
94 150 1
94 159 1
94 173 1
94 177 1
94 179 1
94 184 1
95 110 1
95 129 1
95 199 1
96 100 1
96 103 1
96 112 1
96 133 1
96 134 1
96 150 1
96 160 1
96 165 1
96 189 1
96 195 1
97 99 1
97 100 1
97 129 1
97 154 1
97 165 1
97 183 1
98 110 1
98 130 1
98 159 1
98 160 1
98 173 1
98 177 1
99 121 1
99 175 1
100 116 1
100 122 1
100 143 1
100 167 1
101 117 1
101 166 1
101 191 1
102 120 1
102 137 1
102 163 1
102 169 1
102 191 1
103 107 1
103 108 1
103 112 1
103 140 1
103 150 1
103 152 1
103 157 1
103 190 1
103 191 1
103 194 1
104 111 1
104 140 1
104 146 1
104 177 1
104 180 1
105 107 1
105 110 1
105 119 1
105 133 1
105 136 1
105 166 1
105 167 1
106 167 1
107 126 1
107 175 1
107 187 1
108 124 1
108 129 1
108 160 1
109 141 1
109 146 1
109 149 1
109 154 1
110 133 1
110 141 1
110 153 1
110 177 1
111 116 1
111 132 1
111 134 1
111 137 1
111 149 1
111 151 1
112 116 1
112 129 1
112 150 1
112 162 1
112 172 1
113 117 1
113 166 1
113 181 1
114 115 1
114 151 1
114 160 1
114 165 1
114 171 1
114 179 1
115 128 1
115 129 1
115 136 1
115 145 1
115 157 1
115 164 1
116 162 1
116 194 1
116 197 1
117 131 1
117 139 1
117 143 1
118 124 1
118 163 1
118 180 1
118 184 1
119 129 1
119 130 1
119 134 1
119 164 1
119 172 1
119 197 1
119 198 1
120 142 1
120 186 1
121 144 1
121 146 1
121 147 1
121 155 1
121 186 1
121 190 1
121 195 1
122 128 1
122 129 1
122 149 1
122 151 1
122 171 1
122 183 1
122 190 1
122 196 1
123 124 1
123 129 1
123 140 1
123 154 1
123 164 1
123 182 1
123 189 1
124 140 1
124 146 1
124 172 1
125 156 1
125 159 1
125 199 1
126 132 1
126 141 1
126 156 1
126 198 1
127 134 1
127 135 1
127 137 1
127 148 1
127 188 1
128 136 1
128 142 1
128 153 1
128 155 1
128 158 1
128 171 1
128 180 1
128 182 1
128 200 1
129 140 1
129 148 1
129 190 1
129 199 1
130 132 1
130 135 1
130 159 1
130 160 1
130 165 1
130 171 1
130 191 1
131 135 1
131 136 1
131 154 1
131 155 1
131 157 1
131 167 1
131 184 1
131 186 1
131 190 1
131 191 1
132 135 1
132 177 1
132 186 1
132 192 1
133 152 1
133 159 1
133 173 1
133 179 1
133 186 1
133 198 1
134 149 1
134 191 1
135 191 1
136 149 1
136 157 1
136 180 1
136 197 1
137 174 1
137 198 1
138 139 1
138 148 1
138 150 1
138 154 1
139 141 1
139 145 1
140 149 1
140 151 1
140 153 1
140 177 1
140 179 1
140 188 1
140 192 1
141 143 1
141 150 1
141 159 1
142 152 1
142 167 1
142 184 1
143 170 1
143 180 1
143 184 1
143 198 1
143 200 1
144 152 1
144 154 1
144 164 1
144 194 1
145 161 1
145 173 1
145 176 1
145 181 1
145 195 1
145 196 1
146 163 1
146 169 1
146 186 1
147 171 1
147 187 1
148 154 1
148 168 1
148 190 1
148 199 1
149 156 1
149 187 1
150 174 1
150 179 1
150 190 1
151 167 1
151 186 1
151 197 1
151 199 1
152 155 1
152 168 1
152 178 1
153 169 1
153 175 1
153 196 1
155 190 1
155 196 1
156 162 1
156 171 1
156 176 1
157 185 1
157 189 1
158 163 1
158 190 1
158 200 1
159 168 1
159 181 1
160 178 1
161 169 1
161 172 1
162 192 1
163 165 1
163 183 1
163 184 1
165 169 1
165 188 1
165 189 1
166 183 1
167 171 1
168 185 1
169 171 1
170 177 1
171 182 1
171 188 1
174 193 1
175 191 1
176 183 1
176 188 1
176 196 1
178 192 1
179 183 1
180 198 1
181 195 1
182 188 1
182 194 1
185 196 1
186 191 1
