%%MatrixMarket matrix coordinate real general
113 113 2196
3 1 1
8 1 1
9 1 1
10 1 1
12 1 1
14 1 1
19 1 1
26 1 1
27 1 1
29 1 1
30 1 1
33 1 1
34 1 1
35 1 1
36 1 1
38 1 1
42 1 1
43 1 1
44 1 1
47 1 1
48 1 1
49 1 1
51 1 1
52 1 1
53 1 1
54 1 1
56 1 1
58 1 1
61 1 1
64 1 1
65 1 1
66 1 1
67 1 1
73 1 1
75 1 1
77 1 1
78 1 1
79 1 1
81 1 1
82 1 1
85 1 1
86 1 1
87 1 1
88 1 1
89 1 1
92 1 1
93 1 1
94 1 1
95 1 1
97 1 1
98 1 1
99 1 1
100 1 1
102 1 1
103 1 1
106 1 1
110 1 1
111 1 1
113 1 1
3 2 1
4 2 1
18 2 1
19 2 1
20 2 1
21 2 1
22 2 1
30 2 1
33 2 1
35 2 1
37 2 1
38 2 1
42 2 1
45 2 1
48 2 1
51 2 1
52 2 1
53 2 1
65 2 1
68 2 1
69 2 1
73 2 1
81 2 1
83 2 1
88 2 1
89 2 1
98 2 1
102 2 1
108 2 1
109 2 1
113 2 1
5 3 1
8 3 1
9 3 1
12 3 1
13 3 1
15 3 1
18 3 1
21 3 1
22 3 1
24 3 1
25 3 1
26 3 1
27 3 1
30 3 1
33 3 1
34 3 1
36 3 1
37 3 1
38 3 1
39 3 1
40 3 1
42 3 1
43 3 1
44 3 1
46 3 1
48 3 1
50 3 1
51 3 1
52 3 1
53 3 1
54 3 1
55 3 1
56 3 1
58 3 1
59 3 1
62 3 1
64 3 1
65 3 1
66 3 1
68 3 1
69 3 1
72 3 1
73 3 1
75 3 1
79 3 1
82 3 1
83 3 1
85 3 1
86 3 1
89 3 1
93 3 1
98 3 1
100 3 1
102 3 1
104 3 1
105 3 1
106 3 1
108 3 1
109 3 1
6 4 1
8 4 1
9 4 1
12 4 1
16 4 1
30 4 1
31 4 1
33 4 1
38 4 1
42 4 1
48 4 1
57 4 1
58 4 1
59 4 1
67 4 1
83 4 1
92 4 1
93 4 1
96 4 1
113 4 1
23 5 1
25 5 1
28 5 1
43 5 1
51 5 1
54 5 1
57 5 1
79 5 1
87 5 1
92 5 1
94 5 1
102 5 1
104 5 1
109 5 1
9 6 1
12 6 1
13 6 1
16 6 1
18 6 1
19 6 1
22 6 1
27 6 1
30 6 1
34 6 1
38 6 1
39 6 1
42 6 1
44 6 1
47 6 1
50 6 1
51 6 1
52 6 1
56 6 1
58 6 1
59 6 1
62 6 1
66 6 1
67 6 1
68 6 1
69 6 1
70 6 1
71 6 1
75 6 1
76 6 1
77 6 1
82 6 1
83 6 1
86 6 1
87 6 1
89 6 1
92 6 1
96 6 1
99 6 1
100 6 1
102 6 1
103 6 1
104 6 1
105 6 1
106 6 1
109 6 1
111 6 1
113 6 1
9 7 1
12 7 1
13 7 1
26 7 1
27 7 1
28 7 1
29 7 1
30 7 1
32 7 1
34 7 1
36 7 1
38 7 1
42 7 1
43 7 1
45 7 1
47 7 1
48 7 1
50 7 1
53 7 1
57 7 1
66 7 1
67 7 1
87 7 1
94 7 1
102 7 1
104 7 1
113 7 1
9 8 1
12 8 1
13 8 1
15 8 1
16 8 1
18 8 1
19 8 1
21 8 1
22 8 1
23 8 1
24 8 1
27 8 1
28 8 1
29 8 1
30 8 1
33 8 1
34 8 1
36 8 1
37 8 1
38 8 1
39 8 1
40 8 1
42 8 1
43 8 1
44 8 1
48 8 1
50 8 1
52 8 1
55 8 1
56 8 1
58 8 1
59 8 1
61 8 1
62 8 1
63 8 1
64 8 1
65 8 1
68 8 1
72 8 1
73 8 1
78 8 1
79 8 1
81 8 1
83 8 1
85 8 1
86 8 1
87 8 1
89 8 1
90 8 1
91 8 1
93 8 1
94 8 1
96 8 1
98 8 1
100 8 1
102 8 1
108 8 1
109 8 1
113 8 1
10 9 1
11 9 1
12 9 1
13 9 1
15 9 1
18 9 1
19 9 1
20 9 1
27 9 1
29 9 1
30 9 1
31 9 1
33 9 1
34 9 1
35 9 1
36 9 1
37 9 1
38 9 1
39 9 1
40 9 1
42 9 1
43 9 1
44 9 1
45 9 1
49 9 1
51 9 1
52 9 1
56 9 1
57 9 1
59 9 1
61 9 1
62 9 1
65 9 1
66 9 1
67 9 1
68 9 1
72 9 1
73 9 1
75 9 1
78 9 1
79 9 1
80 9 1
82 9 1
83 9 1
85 9 1
86 9 1
87 9 1
88 9 1
89 9 1
92 9 1
96 9 1
97 9 1
98 9 1
99 9 1
102 9 1
103 9 1
104 9 1
105 9 1
106 9 1
108 9 1
113 9 1
26 10 1
33 10 1
40 10 1
49 10 1
50 10 1
51 10 1
53 10 1
54 10 1
62 10 1
63 10 1
72 10 1
81 10 1
82 10 1
85 10 1
86 10 1
93 10 1
98 10 1
102 10 1
106 10 1
108 10 1
13 11 1
16 11 1
26 11 1
27 11 1
29 11 1
30 11 1
31 11 1
33 11 1
34 11 1
38 11 1
39 11 1
40 11 1
42 11 1
44 11 1
45 11 1
48 11 1
51 11 1
52 11 1
55 11 1
58 11 1
65 11 1
68 11 1
72 11 1
84 11 1
85 11 1
88 11 1
94 11 1
97 11 1
99 11 1
100 11 1
103 11 1
104 11 1
109 11 1
112 11 1
17 12 1
18 12 1
22 12 1
23 12 1
27 12 1
30 12 1
32 12 1
33 12 1
34 12 1
35 12 1
36 12 1
38 12 1
40 12 1
41 12 1
42 12 1
43 12 1
44 12 1
46 12 1
47 12 1
48 12 1
49 12 1
51 12 1
53 12 1
54 12 1
56 12 1
57 12 1
60 12 1
61 12 1
62 12 1
63 12 1
64 12 1
65 12 1
66 12 1
68 12 1
70 12 1
72 12 1
73 12 1
75 12 1
78 12 1
79 12 1
82 12 1
83 12 1
85 12 1
86 12 1
87 12 1
88 12 1
89 12 1
92 12 1
93 12 1
97 12 1
98 12 1
99 12 1
100 12 1
102 12 1
103 12 1
104 12 1
105 12 1
106 12 1
108 12 1
110 12 1
112 12 1
113 12 1
19 13 1
23 13 1
30 13 1
34 13 1
36 13 1
38 13 1
40 13 1
42 13 1
47 13 1
48 13 1
52 13 1
53 13 1
55 13 1
57 13 1
58 13 1
62 13 1
63 13 1
65 13 1
67 13 1
70 13 1
78 13 1
85 13 1
86 13 1
87 13 1
88 13 1
102 13 1
106 13 1
108 13 1
113 13 1
16 14 1
21 14 1
24 14 1
30 14 1
33 14 1
34 14 1
35 14 1
38 14 1
39 14 1
41 14 1
44 14 1
49 14 1
50 14 1
52 14 1
55 14 1
58 14 1
60 14 1
61 14 1
62 14 1
66 14 1
68 14 1
82 14 1
91 14 1
93 14 1
99 14 1
100 14 1
102 14 1
104 14 1
107 14 1
108 14 1
22 15 1
25 15 1
26 15 1
30 15 1
32 15 1
33 15 1
37 15 1
38 15 1
42 15 1
46 15 1
54 15 1
59 15 1
68 15 1
78 15 1
79 15 1
81 15 1
83 15 1
87 15 1
93 15 1
98 15 1
104 15 1
105 15 1
109 15 1
111 15 1
18 16 1
24 16 1
29 16 1
34 16 1
39 16 1
41 16 1
43 16 1
44 16 1
45 16 1
47 16 1
50 16 1
52 16 1
53 16 1
57 16 1
58 16 1
65 16 1
66 16 1
68 16 1
83 16 1
87 16 1
90 16 1
91 16 1
93 16 1
97 16 1
98 16 1
99 16 1
102 16 1
103 16 1
108 16 1
113 16 1
18 17 1
26 17 1
27 17 1
34 17 1
52 17 1
57 17 1
66 17 1
84 17 1
89 17 1
91 17 1
93 17 1
94 17 1
97 17 1
99 17 1
102 17 1
103 17 1
104 17 1
105 17 1
113 17 1
19 18 1
34 18 1
36 18 1
38 18 1
39 18 1
40 18 1
42 18 1
43 18 1
44 18 1
48 18 1
49 18 1
51 18 1
53 18 1
54 18 1
55 18 1
57 18 1
58 18 1
66 18 1
68 18 1
69 18 1
78 18 1
79 18 1
82 18 1
83 18 1
87 18 1
88 18 1
89 18 1
98 18 1
100 18 1
102 18 1
106 18 1
112 18 1
22 19 1
26 19 1
27 19 1
28 19 1
30 19 1
32 19 1
33 19 1
34 19 1
36 19 1
37 19 1
43 19 1
48 19 1
49 19 1
52 19 1
53 19 1
54 19 1
56 19 1
57 19 1
58 19 1
61 19 1
64 19 1
65 19 1
66 19 1
67 19 1
68 19 1
71 19 1
72 19 1
78 19 1
83 19 1
87 19 1
93 19 1
97 19 1
101 19 1
106 19 1
108 19 1
113 19 1
30 20 1
33 20 1
36 20 1
38 20 1
42 20 1
65 20 1
73 20 1
108 20 1
112 20 1
23 21 1
30 21 1
33 21 1
38 21 1
41 21 1
42 21 1
51 21 1
56 21 1
60 21 1
61 21 1
65 21 1
73 21 1
93 21 1
98 21 1
108 21 1
112 21 1
24 22 1
26 22 1
27 22 1
29 22 1
30 22 1
31 22 1
36 22 1
43 22 1
48 22 1
50 22 1
52 22 1
55 22 1
56 22 1
57 22 1
58 22 1
61 22 1
63 22 1
66 22 1
67 22 1
68 22 1
71 22 1
78 22 1
96 22 1
99 22 1
102 22 1
106 22 1
109 22 1
113 22 1
24 23 1
29 23 1
30 23 1
33 23 1
36 23 1
38 23 1
40 23 1
41 23 1
42 23 1
43 23 1
48 23 1
49 23 1
50 23 1
51 23 1
55 23 1
56 23 1
57 23 1
59 23 1
62 23 1
64 23 1
65 23 1
66 23 1
70 23 1
71 23 1
73 23 1
82 23 1
83 23 1
85 23 1
88 23 1
93 23 1
99 23 1
100 23 1
102 23 1
106 23 1
108 23 1
111 23 1
113 23 1
27 24 1
33 24 1
34 24 1
36 24 1
38 24 1
39 24 1
44 24 1
45 24 1
50 24 1
51 24 1
53 24 1
61 24 1
63 24 1
67 24 1
69 24 1
72 24 1
85 24 1
86 24 1
99 24 1
104 24 1
106 24 1
113 24 1
26 25 1
28 25 1
30 25 1
33 25 1
34 25 1
43 25 1
44 25 1
50 25 1
51 25 1
54 25 1
55 25 1
56 25 1
63 25 1
66 25 1
72 25 1
75 25 1
78 25 1
86 25 1
87 25 1
89 25 1
93 25 1
97 25 1
103 25 1
106 25 1
110 25 1
111 25 1
28 26 1
29 26 1
30 26 1
33 26 1
38 26 1
39 26 1
40 26 1
41 26 1
42 26 1
44 26 1
45 26 1
46 26 1
48 26 1
50 26 1
51 26 1
52 26 1
53 26 1
54 26 1
55 26 1
58 26 1
59 26 1
60 26 1
65 26 1
66 26 1
71 26 1
72 26 1
75 26 1
78 26 1
82 26 1
86 26 1
87 26 1
89 26 1
90 26 1
91 26 1
94 26 1
97 26 1
99 26 1
102 26 1
103 26 1
106 26 1
108 26 1
109 26 1
110 26 1
111 26 1
113 26 1
30 27 1
34 27 1
36 27 1
38 27 1
40 27 1
42 27 1
48 27 1
50 27 1
52 27 1
53 27 1
55 27 1
56 27 1
57 27 1
61 27 1
62 27 1
66 27 1
77 27 1
83 27 1
88 27 1
89 27 1
93 27 1
94 27 1
97 27 1
102 27 1
103 27 1
104 27 1
105 27 1
106 27 1
110 27 1
30 28 1
34 28 1
36 28 1
38 28 1
42 28 1
43 28 1
46 28 1
47 28 1
48 28 1
50 28 1
51 28 1
54 28 1
55 28 1
57 28 1
59 28 1
63 28 1
72 28 1
85 28 1
86 28 1
87 28 1
93 28 1
94 28 1
96 28 1
102 28 1
106 28 1
107 28 1
112 28 1
30 29 1
33 29 1
36 29 1
37 29 1
38 29 1
39 29 1
40 29 1
44 29 1
48 29 1
50 29 1
55 29 1
57 29 1
58 29 1
67 29 1
68 29 1
82 29 1
83 29 1
84 29 1
88 29 1
93 29 1
99 29 1
102 29 1
104 29 1
113 29 1
31 30 1
33 30 1
34 30 1
35 30 1
36 30 1
37 30 1
38 30 1
39 30 1
40 30 1
41 30 1
42 30 1
43 30 1
44 30 1
45 30 1
47 30 1
48 30 1
49 30 1
50 30 1
51 30 1
52 30 1
53 30 1
54 30 1
55 30 1
56 30 1
57 30 1
58 30 1
59 30 1
60 30 1
61 30 1
62 30 1
63 30 1
64 30 1
65 30 1
66 30 1
68 30 1
69 30 1
70 30 1
71 30 1
72 30 1
73 30 1
74 30 1
75 30 1
76 30 1
77 30 1
78 30 1
79 30 1
80 30 1
81 30 1
82 30 1
84 30 1
85 30 1
86 30 1
87 30 1
88 30 1
89 30 1
90 30 1
91 30 1
92 30 1
93 30 1
94 30 1
95 30 1
98 30 1
99 30 1
100 30 1
101 30 1
102 30 1
103 30 1
104 30 1
106 30 1
108 30 1
109 30 1
110 30 1
111 30 1
112 30 1
113 30 1
33 31 1
34 31 1
37 31 1
38 31 1
40 31 1
44 31 1
61 31 1
62 31 1
100 31 1
102 31 1
109 31 1
113 31 1
38 32 1
42 32 1
52 32 1
58 32 1
89 32 1
97 32 1
102 32 1
105 32 1
113 32 1
34 33 1
35 33 1
36 33 1
37 33 1
38 33 1
39 33 1
40 33 1
42 33 1
44 33 1
46 33 1
47 33 1
48 33 1
49 33 1
50 33 1
51 33 1
53 33 1
54 33 1
55 33 1
56 33 1
57 33 1
58 33 1
59 33 1
60 33 1
61 33 1
63 33 1
64 33 1
65 33 1
66 33 1
67 33 1
68 33 1
69 33 1
71 33 1
72 33 1
73 33 1
75 33 1
76 33 1
78 33 1
79 33 1
81 33 1
84 33 1
86 33 1
87 33 1
88 33 1
89 33 1
92 33 1
93 33 1
94 33 1
98 33 1
99 33 1
100 33 1
102 33 1
103 33 1
104 33 1
106 33 1
107 33 1
109 33 1
112 33 1
113 33 1
36 34 1
38 34 1
40 34 1
42 34 1
43 34 1
44 34 1
45 34 1
46 34 1
48 34 1
49 34 1
50 34 1
51 34 1
52 34 1
55 34 1
56 34 1
58 34 1
59 34 1
61 34 1
62 34 1
64 34 1
65 34 1
66 34 1
67 34 1
68 34 1
73 34 1
76 34 1
78 34 1
79 34 1
81 34 1
82 34 1
85 34 1
86 34 1
87 34 1
88 34 1
89 34 1
91 34 1
92 34 1
93 34 1
97 34 1
98 34 1
99 34 1
102 34 1
103 34 1
104 34 1
105 34 1
106 34 1
111 34 1
113 34 1
36 35 1
38 35 1
42 35 1
50 35 1
66 35 1
72 35 1
78 35 1
85 35 1
95 35 1
100 35 1
108 35 1
38 36 1
40 36 1
41 36 1
42 36 1
44 36 1
48 36 1
50 36 1
51 36 1
55 36 1
56 36 1
59 36 1
61 36 1
63 36 1
64 36 1
65 36 1
66 36 1
67 36 1
68 36 1
69 36 1
71 36 1
72 36 1
82 36 1
83 36 1
87 36 1
88 36 1
92 36 1
93 36 1
94 36 1
96 36 1
99 36 1
100 36 1
101 36 1
102 36 1
106 36 1
108 36 1
109 36 1
111 36 1
112 36 1
113 36 1
38 37 1
39 37 1
40 37 1
42 37 1
44 37 1
45 37 1
48 37 1
53 37 1
56 37 1
57 37 1
65 37 1
76 37 1
77 37 1
83 37 1
87 37 1
88 37 1
97 37 1
98 37 1
101 37 1
102 37 1
104 37 1
108 37 1
109 37 1
113 37 1
40 38 1
41 38 1
42 38 1
43 38 1
44 38 1
45 38 1
47 38 1
48 38 1
49 38 1
50 38 1
51 38 1
52 38 1
53 38 1
54 38 1
55 38 1
56 38 1
57 38 1
58 38 1
59 38 1
60 38 1
62 38 1
65 38 1
66 38 1
67 38 1
68 38 1
72 38 1
73 38 1
75 38 1
79 38 1
80 38 1
81 38 1
82 38 1
85 38 1
87 38 1
88 38 1
89 38 1
92 38 1
93 38 1
94 38 1
95 38 1
96 38 1
97 38 1
98 38 1
99 38 1
101 38 1
102 38 1
104 38 1
105 38 1
106 38 1
108 38 1
112 38 1
113 38 1
42 39 1
44 39 1
49 39 1
57 39 1
66 39 1
79 39 1
81 39 1
82 39 1
87 39 1
89 39 1
90 39 1
91 39 1
93 39 1
96 39 1
103 39 1
104 39 1
105 39 1
42 40 1
44 40 1
48 40 1
51 40 1
53 40 1
54 40 1
55 40 1
56 40 1
57 40 1
58 40 1
59 40 1
63 40 1
64 40 1
65 40 1
66 40 1
68 40 1
69 40 1
71 40 1
72 40 1
75 40 1
79 40 1
83 40 1
85 40 1
86 40 1
88 40 1
89 40 1
93 40 1
94 40 1
96 40 1
97 40 1
100 40 1
102 40 1
103 40 1
104 40 1
106 40 1
108 40 1
113 40 1
49 41 1
56 41 1
60 41 1
65 41 1
70 41 1
85 41 1
86 41 1
87 41 1
98 41 1
102 41 1
108 41 1
109 41 1
43 42 1
44 42 1
45 42 1
47 42 1
48 42 1
49 42 1
51 42 1
52 42 1
53 42 1
54 42 1
55 42 1
56 42 1
57 42 1
58 42 1
59 42 1
61 42 1
63 42 1
65 42 1
66 42 1
68 42 1
69 42 1
72 42 1
73 42 1
76 42 1
77 42 1
79 42 1
82 42 1
83 42 1
84 42 1
85 42 1
86 42 1
87 42 1
88 42 1
89 42 1
90 42 1
92 42 1
93 42 1
94 42 1
95 42 1
96 42 1
97 42 1
98 42 1
99 42 1
101 42 1
102 42 1
104 42 1
105 42 1
106 42 1
108 42 1
110 42 1
111 42 1
112 42 1
113 42 1
44 43 1
45 43 1
46 43 1
49 43 1
51 43 1
53 43 1
54 43 1
56 43 1
58 43 1
62 43 1
65 43 1
66 43 1
72 43 1
75 43 1
78 43 1
79 43 1
82 43 1
83 43 1
85 43 1
86 43 1
87 43 1
88 43 1
89 43 1
92 43 1
93 43 1
96 43 1
97 43 1
98 43 1
99 43 1
100 43 1
101 43 1
102 43 1
103 43 1
104 43 1
106 43 1
108 43 1
111 43 1
113 43 1
48 44 1
56 44 1
57 44 1
58 44 1
59 44 1
62 44 1
63 44 1
64 44 1
66 44 1
67 44 1
68 44 1
75 44 1
76 44 1
79 44 1
81 44 1
83 44 1
85 44 1
86 44 1
87 44 1
91 44 1
93 44 1
94 44 1
98 44 1
99 44 1
100 44 1
102 44 1
103 44 1
105 44 1
106 44 1
109 44 1
111 44 1
112 44 1
113 44 1
47 45 1
48 45 1
49 45 1
51 45 1
52 45 1
56 45 1
59 45 1
60 45 1
65 45 1
68 45 1
70 45 1
72 45 1
75 45 1
78 45 1
85 45 1
86 45 1
87 45 1
93 45 1
94 45 1
99 45 1
104 45 1
106 45 1
113 45 1
48 46 1
51 46 1
54 46 1
62 46 1
67 46 1
75 46 1
78 46 1
86 46 1
87 46 1
89 46 1
94 46 1
97 46 1
107 46 1
111 46 1
113 46 1
48 47 1
51 47 1
53 47 1
57 47 1
66 47 1
70 47 1
83 47 1
88 47 1
89 47 1
92 47 1
94 47 1
95 47 1
97 47 1
100 47 1
104 47 1
113 47 1
49 48 1
50 48 1
51 48 1
52 48 1
53 48 1
55 48 1
56 48 1
58 48 1
59 48 1
61 48 1
62 48 1
64 48 1
65 48 1
66 48 1
67 48 1
71 48 1
72 48 1
73 48 1
75 48 1
78 48 1
79 48 1
83 48 1
85 48 1
86 48 1
88 48 1
89 48 1
90 48 1
92 48 1
93 48 1
94 48 1
97 48 1
98 48 1
99 48 1
100 48 1
101 48 1
102 48 1
103 48 1
104 48 1
105 48 1
106 48 1
108 48 1
109 48 1
112 48 1
113 48 1
56 49 1
62 49 1
64 49 1
68 49 1
72 49 1
73 49 1
75 49 1
80 49 1
81 49 1
82 49 1
84 49 1
86 49 1
87 49 1
88 49 1
89 49 1
91 49 1
93 49 1
97 49 1
98 49 1
99 49 1
102 49 1
103 49 1
104 49 1
106 49 1
108 49 1
110 49 1
113 49 1
51 50 1
53 50 1
55 50 1
57 50 1
58 50 1
59 50 1
60 50 1
63 50 1
65 50 1
66 50 1
71 50 1
72 50 1
79 50 1
81 50 1
87 50 1
88 50 1
93 50 1
96 50 1
99 50 1
102 50 1
103 50 1
104 50 1
106 50 1
52 51 1
54 51 1
59 51 1
60 51 1
61 51 1
63 51 1
64 51 1
66 51 1
72 51 1
73 51 1
76 51 1
78 51 1
79 51 1
80 51 1
83 51 1
85 51 1
86 51 1
87 51 1
88 51 1
89 51 1
94 51 1
95 51 1
96 51 1
97 51 1
98 51 1
99 51 1
100 51 1
102 51 1
104 51 1
106 51 1
112 51 1
113 51 1
53 52 1
57 52 1
58 52 1
62 52 1
65 52 1
68 52 1
73 52 1
75 52 1
79 52 1
84 52 1
88 52 1
89 52 1
90 52 1
92 52 1
94 52 1
102 52 1
103 52 1
105 52 1
108 52 1
109 52 1
110 52 1
55 53 1
57 53 1
58 53 1
62 53 1
65 53 1
68 53 1
69 53 1
73 53 1
75 53 1
76 53 1
77 53 1
80 53 1
81 53 1
83 53 1
84 53 1
87 53 1
88 53 1
89 53 1
90 53 1
98 53 1
102 53 1
103 53 1
104 53 1
110 53 1
112 53 1
113 53 1
59 54 1
63 54 1
65 54 1
68 54 1
72 54 1
78 54 1
79 54 1
81 54 1
83 54 1
86 54 1
87 54 1
93 54 1
96 54 1
97 54 1
102 54 1
104 54 1
106 54 1
107 54 1
108 54 1
111 54 1
57 55 1
59 55 1
62 55 1
63 55 1
65 55 1
68 55 1
79 55 1
82 55 1
88 55 1
93 55 1
94 55 1
96 55 1
100 55 1
102 55 1
103 55 1
106 55 1
108 55 1
112 55 1
113 55 1
61 56 1
62 56 1
64 56 1
65 56 1
67 56 1
68 56 1
72 56 1
79 56 1
80 56 1
83 56 1
87 56 1
89 56 1
93 56 1
94 56 1
97 56 1
98 56 1
100 56 1
102 56 1
106 56 1
110 56 1
113 56 1
58 57 1
60 57 1
65 57 1
66 57 1
68 57 1
75 57 1
78 57 1
79 57 1
80 57 1
83 57 1
88 57 1
90 57 1
93 57 1
99 57 1
102 57 1
104 57 1
113 57 1
59 58 1
72 58 1
75 58 1
78 58 1
81 58 1
93 58 1
97 58 1
99 58 1
102 58 1
106 58 1
62 59 1
79 59 1
85 59 1
88 59 1
89 59 1
97 59 1
98 59 1
99 59 1
101 59 1
102 59 1
103 59 1
104 59 1
105 59 1
106 59 1
110 59 1
112 59 1
65 60 1
68 60 1
71 60 1
77 60 1
78 60 1
85 60 1
96 60 1
99 60 1
102 60 1
106 60 1
68 61 1
71 61 1
77 61 1
79 61 1
81 61 1
83 61 1
85 61 1
87 61 1
89 61 1
90 61 1
93 61 1
97 61 1
98 61 1
102 61 1
106 61 1
113 61 1
65 62 1
71 62 1
73 62 1
75 62 1
78 62 1
79 62 1
81 62 1
82 62 1
85 62 1
89 62 1
93 62 1
94 62 1
99 62 1
102 62 1
103 62 1
104 62 1
106 62 1
108 62 1
110 62 1
113 62 1
64 63 1
72 63 1
83 63 1
86 63 1
87 63 1
94 63 1
96 63 1
98 63 1
102 63 1
106 63 1
72 64 1
78 64 1
83 64 1
86 64 1
88 64 1
94 64 1
99 64 1
100 64 1
102 64 1
106 64 1
66 65 1
69 65 1
71 65 1
73 65 1
78 65 1
82 65 1
83 65 1
86 65 1
87 65 1
88 65 1
89 65 1
93 65 1
99 65 1
100 65 1
102 65 1
104 65 1
105 65 1
106 65 1
108 65 1
109 65 1
112 65 1
113 65 1
67 66 1
68 66 1
72 66 1
76 66 1
78 66 1
80 66 1
81 66 1
83 66 1
84 66 1
86 66 1
87 66 1
93 66 1
95 66 1
100 66 1
102 66 1
103 66 1
104 66 1
106 66 1
109 66 1
110 66 1
85 67 1
88 67 1
92 67 1
93 67 1
94 67 1
97 67 1
102 67 1
104 67 1
113 67 1
70 68 1
71 68 1
75 68 1
76 68 1
81 68 1
87 68 1
91 68 1
92 68 1
94 68 1
100 68 1
102 68 1
108 68 1
113 68 1
73 69 1
104 69 1
105 69 1
108 69 1
112 69 1
85 70 1
96 70 1
82 71 1
85 71 1
91 71 1
93 71 1
96 71 1
98 71 1
99 71 1
100 71 1
103 71 1
106 71 1
108 71 1
78 72 1
79 72 1
85 72 1
86 72 1
93 72 1
95 72 1
99 72 1
100 72 1
102 72 1
103 72 1
106 72 1
107 72 1
108 72 1
109 72 1
111 72 1
79 73 1
88 73 1
89 73 1
97 73 1
102 73 1
108 73 1
109 73 1
112 73 1
81 75 1
86 75 1
89 75 1
90 75 1
93 75 1
99 75 1
100 75 1
102 75 1
104 75 1
105 75 1
106 75 1
108 75 1
110 75 1
112 75 1
79 76 1
86 76 1
89 76 1
111 76 1
86 77 1
92 77 1
106 77 1
110 77 1
87 78 1
92 78 1
93 78 1
94 78 1
97 78 1
100 78 1
106 78 1
111 78 1
81 79 1
82 79 1
85 79 1
87 79 1
89 79 1
90 79 1
95 79 1
96 79 1
98 79 1
102 79 1
104 79 1
105 79 1
107 79 1
88 80 1
93 80 1
95 80 1
98 80 1
99 80 1
106 80 1
110 80 1
90 81 1
93 81 1
96 81 1
99 81 1
104 81 1
106 81 1
108 81 1
83 82 1
85 82 1
88 82 1
89 82 1
93 82 1
104 82 1
112 82 1
113 82 1
85 83 1
88 83 1
89 83 1
93 83 1
94 83 1
96 83 1
98 83 1
99 83 1
100 83 1
102 83 1
104 83 1
106 83 1
113 83 1
102 84 1
105 84 1
106 84 1
112 84 1
87 85 1
88 85 1
89 85 1
93 85 1
94 85 1
102 85 1
104 85 1
106 85 1
107 85 1
108 85 1
112 85 1
87 86 1
89 86 1
95 86 1
96 86 1
97 86 1
102 86 1
103 86 1
112 86 1
89 87 1
93 87 1
96 87 1
97 87 1
102 87 1
103 87 1
104 87 1
106 87 1
107 87 1
108 87 1
111 87 1
113 87 1
92 88 1
94 88 1
98 88 1
102 88 1
104 88 1
106 88 1
108 88 1
111 88 1
112 88 1
113 88 1
91 89 1
92 89 1
93 89 1
94 89 1
97 89 1
98 89 1
100 89 1
102 89 1
104 89 1
105 89 1
106 89 1
107 89 1
108 89 1
110 89 1
93 90 1
94 90 1
99 90 1
103 90 1
108 90 1
93 91 1
94 91 1
100 91 1
102 91 1
110 91 1
94 92 1
98 92 1
102 92 1
113 92 1
94 93 1
99 93 1
100 93 1
102 93 1
104 93 1
108 93 1
110 93 1
113 93 1
98 94 1
99 94 1
100 94 1
102 94 1
105 94 1
107 94 1
97 96 1
98 96 1
99 96 1
102 96 1
104 96 1
106 96 1
110 96 1
113 96 1
99 97 1
102 97 1
103 97 1
108 97 1
111 97 1
112 97 1
113 97 1
102 98 1
108 98 1
102 99 1
104 99 1
106 99 1
109 99 1
112 99 1
113 99 1
105 100 1
106 100 1
109 100 1
113 100 1
105 101 1
106 101 1
113 101 1
104 102 1
105 102 1
106 102 1
108 102 1
109 102 1
112 102 1
113 102 1
104 103 1
106 103 1
112 103 1
113 103 1
106 104 1
107 104 1
108 104 1
113 104 1
113 105 1
108 106 1
111 106 1
112 106 1
113 106 1
108 107 1
112 108 1
113 108 1
111 110 1
112 111 1
