%%MatrixMarket matrix coordinate real general
242 242 8317
1 2 27
1 3 45
1 4 75
1 5 19
1 6 43
1 7 8
1 8 12
1 9 23
1 10 27
1 11 8
1 12 44
1 13 1
1 14 11
1 16 3
1 17 3
1 18 13
1 20 12
1 21 51
1 22 59
1 23 9
1 24 11
1 26 16
1 27 23
1 28 4
1 29 124
1 30 7
1 31 3
1 33 58
1 34 3
1 35 5
1 36 4
1 39 11
1 40 4
1 42 24
1 44 4
1 46 4
1 47 6
1 48 2
1 49 10
1 52 1
1 54 3
1 56 2
1 57 1
1 59 1
1 62 19
1 63 1
1 67 1
1 68 36
1 71 59
1 72 21
1 84 2
1 85 1
1 95 41
1 98 1
1 99 1
1 100 1
1 103 12
1 109 5
1 113 2
1 114 1
1 116 1
1 117 3
1 120 3
1 123 1
1 137 1
1 150 2
1 151 12
1 152 3
1 158 2
1 161 2
1 171 3
1 172 1
1 174 1
1 180 4
1 181 1
1 196 23
1 198 3
1 201 10
1 215 1
1 220 1
1 226 1
1 229 1
1 236 1
2 3 4
2 4 100
2 5 4
2 6 63
2 7 20
2 8 5
2 9 44
2 10 13
2 11 8
2 12 45
2 13 1
2 14 1
2 15 2
2 16 10
2 17 3
2 19 1
2 20 151
2 22 11
2 23 16
2 24 3
2 25 1
2 26 7
2 27 12
2 29 15
2 30 2
2 33 2
2 36 5
2 39 1
2 44 3
2 62 52
2 68 14
2 71 8
2 72 37
2 85 1
2 93 1
2 101 1
2 108 1
2 122 1
2 124 1
2 147 1
2 151 7
2 152 1
2 181 1
2 196 16
2 205 1
2 206 1
3 4 9
3 5 4
3 6 16
3 7 2
3 8 4
3 9 19
3 10 14
3 11 4
3 12 4
3 13 4
3 14 8
3 15 1
3 16 16
3 17 4
3 18 3
3 19 1
3 20 8
3 21 7
3 22 19
3 23 4
3 24 18
3 26 15
3 27 10
3 28 8
3 29 42
3 30 11
3 31 2
3 32 11
3 33 46
3 34 8
3 35 1
3 36 1
3 40 1
3 42 42
3 44 2
3 46 2
3 47 2
3 49 2
3 52 2
3 54 1
3 55 3
3 56 1
3 57 1
3 60 1
3 62 26
3 64 2
3 68 21
3 69 3
3 71 39
3 72 8
3 84 1
3 95 29
3 98 1
3 99 3
3 100 1
3 101 1
3 103 3
3 113 2
3 114 1
3 115 2
3 116 2
3 117 1
3 120 3
3 123 1
3 124 1
3 129 1
3 137 2
3 150 1
3 152 2
3 158 3
3 168 2
3 185 5
3 194 2
3 196 10
3 198 1
3 201 5
3 204 5
3 205 1
3 209 2
3 236 1
4 5 9
4 6 75
4 7 11
4 8 5
4 9 62
4 10 36
4 11 3
4 12 30
4 13 1
4 14 2
4 15 40
4 16 56
4 17 1
4 20 58
4 22 20
4 23 16
4 24 2
4 26 18
4 27 22
4 29 5
4 30 375
4 32 1
4 33 1
4 36 9
4 37 1
4 39 2
4 43 2
4 44 4
4 49 2
4 56 15
4 57 3
4 60 2
4 62 56
4 64 1
4 66 1
4 68 23
4 71 10
4 72 8
4 94 1
4 99 1
4 113 2
4 117 3
4 123 3
4 126 1
4 135 1
4 137 3
4 138 1
4 151 5
4 155 2
4 158 1
4 160 1
4 165 1
4 168 1
4 190 2
4 192 1
4 196 4
4 201 3
4 208 1
4 209 1
4 226 1
4 238 1
5 6 15
5 7 4
5 8 7
5 9 4
5 10 3
5 12 9
5 13 1
5 15 1
5 17 1
5 19 1
5 20 1
5 21 3
5 22 4
5 23 7
5 24 1
5 26 1
5 27 30
5 28 2
5 30 2
5 34 2
5 36 1
5 40 1
5 42 2
5 46 1
5 47 3
5 54 1
5 56 1
5 62 2
5 68 2
5 71 6
5 122 2
5 196 25
5 201 6
6 7 43
6 8 16
6 9 42
6 10 41
6 11 1
6 12 31
6 14 3
6 15 45
6 16 24
6 17 1
6 18 2
6 20 89
6 22 17
6 23 10
6 24 2
6 26 183
6 27 21
6 29 14
6 30 40
6 31 5
6 33 3
6 35 1
6 36 1
6 37 1
6 39 1
6 44 6
6 46 1
6 48 2
6 49 8
6 51 2
6 56 1
6 57 2
6 62 45
6 66 2
6 67 1
6 68 21
6 69 1
6 71 3
6 72 15
6 83 1
6 103 1
6 104 3
6 109 1
6 119 1
6 123 1
6 126 3
6 134 1
6 137 1
6 145 1
6 151 7
6 158 1
6 164 1
6 168 1
6 171 1
6 173 1
6 178 1
6 180 3
6 185 2
6 190 2
6 192 2
6 196 25
6 199 30
6 220 4
6 226 3
6 233 1
6 238 3
7 8 3
7 9 8
7 10 8
7 11 2
7 12 71
7 13 3
7 16 6
7 18 4
7 20 1
7 22 4
7 23 158
7 24 3
7 26 64
7 27 1
7 29 2
7 30 14
7 31 2
7 33 1
7 34 4
7 35 11
7 36 2
7 39 1
7 41 25
7 44 1
7 47 1
7 48 58
7 49 172
7 51 5
7 52 1
7 53 8
7 54 6
7 57 3
7 60 25
7 62 8
7 66 7
7 68 9
7 69 2
7 71 7
7 72 4
7 86 2
7 98 2
7 103 1
7 105 3
7 109 11
7 112 3
7 113 5
7 114 3
7 116 1
7 117 2
7 119 1
7 123 2
7 127 1
7 129 1
7 137 4
7 151 3
7 152 1
7 154 1
7 155 1
7 159 2
7 161 12
7 162 4
7 164 1
7 167 3
7 175 1
7 177 1
7 179 1
7 180 1
7 185 1
7 190 3
7 194 17
7 195 4
7 196 3
7 198 1
7 199 2
7 201 5
7 202 1
7 203 1
7 204 2
7 205 1
7 209 25
7 212 1
7 218 1
7 220 239
7 223 1
7 226 20
7 233 1
7 235 1
7 236 22
8 9 6
8 10 11
8 11 6
8 12 15
8 14 3
8 17 8
8 18 2
8 20 5
8 21 1
8 22 70
8 23 9
8 24 6
8 26 3
8 27 16
8 29 9
8 30 4
8 33 1
8 36 1
8 37 1
8 39 2
8 44 4
8 54 1
8 61 1
8 62 5
8 66 1
8 67 1
8 68 133
8 71 15
8 72 77
8 85 1
8 151 19
8 196 19
9 10 29
9 11 3
9 12 38
9 13 5
9 14 3
9 15 46
9 16 116
9 17 2
9 18 1
9 20 129
9 21 1
9 22 19
9 23 18
9 24 6
9 26 27
9 27 22
9 28 7
9 29 17
9 30 49
9 31 9
9 33 16
9 35 11
9 36 3
9 37 19
9 42 7
9 46 1
9 48 1
9 49 6
9 51 5
9 53 1
9 55 1
9 57 6
9 59 1
9 60 1
9 62 764
9 64 3
9 68 17
9 69 1
9 71 67
9 72 6
9 73 1
9 79 1
9 87 4
9 93 1
9 98 3
9 99 9
9 100 20
9 101 1
9 105 5
9 109 13
9 112 2
9 113 35
9 114 1
9 115 4
9 116 4
9 117 5
9 120 1
9 125 1
9 135 1
9 150 1
9 151 6
9 152 1
9 155 2
9 159 1
9 160 1
9 171 6
9 180 1
9 181 1
9 185 1
9 190 7
9 192 1
9 194 9
9 195 2
9 196 41
9 198 2
9 201 5
9 204 1
9 209 5
9 215 1
9 220 1
9 223 1
9 224 1
9 226 2
9 235 1
9 236 2
9 238 1
9 241 2
10 11 2
10 12 25
10 14 1
10 16 1
10 17 1
10 18 7
10 20 24
10 22 83
10 23 14
10 24 9
10 25 3
10 26 164
10 27 13
10 29 28
10 30 7
10 31 8
10 33 5
10 34 3
10 35 1
10 36 1
10 37 18
10 39 2
10 40 1
10 47 2
10 48 5
10 49 3
10 52 10
10 54 2
10 55 7
10 56 1
10 59 8
10 60 2
10 62 9
10 64 7
10 66 1
10 68 20
10 69 1
10 71 31
10 72 6
10 73 1
10 84 7
10 99 1
10 100 1
10 101 1
10 103 2
10 117 1
10 120 65
10 129 1
10 137 8
10 150 2
10 151 8
10 156 1
10 158 1
10 163 1
10 171 1
10 180 76
10 185 4
10 196 4
10 201 9
10 204 26
10 205 2
10 208 1
10 209 2
10 215 50
10 218 1
10 224 3
10 236 2
11 12 5
11 14 2
11 16 1
11 18 2
11 20 1
11 22 4
11 23 5
11 24 2
11 26 1
11 27 68
11 29 75
11 30 2
11 36 1
11 38 1
11 39 1
11 44 3
11 53 1
11 62 7
11 68 18
11 71 3
11 72 14
11 151 12
11 196 4
12 13 4
12 14 3
12 15 3
12 16 11
12 17 2
12 18 3
12 19 1
12 20 138
12 21 1
12 22 10
12 23 106
12 24 1
12 26 151
12 27 10
12 28 1
12 29 10
12 30 26
12 31 118
12 32 1
12 33 1
12 34 2
12 35 13
12 36 52
12 37 2
12 39 6
12 41 1
12 42 5
12 43 1
12 44 3
12 47 1
12 48 5
12 49 12
12 51 1
12 52 1
12 54 2
12 56 2
12 62 31
12 64 1
12 66 2
12 68 17
12 69 1
12 71 7
12 72 6
12 79 2
12 87 10
12 93 1
12 95 1
12 99 3
12 103 1
12 109 5
12 112 3
12 114 2
12 115 10
12 116 3
12 117 1
12 120 11
12 124 1
12 126 1
12 127 1
12 132 1
12 137 2
12 151 9
12 152 3
12 155 1
12 158 1
12 161 5
12 162 1
12 167 5
12 169 1
12 171 2
12 176 1
12 177 1
12 178 1
12 196 34
12 199 6
12 201 3
12 204 3
12 205 1
12 209 2
12 215 3
12 220 8
12 221 1
12 223 1
12 224 1
12 226 1
13 14 38
13 15 7
13 16 25
13 17 6
13 18 10
13 19 17
13 21 25
13 22 1
13 24 11
13 25 6
13 26 1
13 28 3
13 30 50
13 31 39
13 32 26
13 33 7
13 35 79
13 36 20
13 40 5
13 42 129
13 44 12
13 57 1
13 61 1
13 62 10
13 67 1
13 72 20
13 73 1
13 77 2
13 79 1
13 81 1
13 87 138
13 94 1
13 95 1
13 97 1
13 100 2
13 101 47
13 102 1
13 104 1
13 124 1
13 138 1
13 152 3
13 164 1
13 196 1
13 236 1
13 242 1
14 15 11
14 16 56
14 17 234
14 18 40
14 19 24
14 20 2
14 21 113
14 22 36
14 24 196
14 25 19
14 26 1
14 27 33
14 28 11
14 29 21
14 30 1
14 31 14
14 32 24
14 33 70
14 34 1
14 35 12
14 36 20
14 37 2
14 39 6
14 40 6
14 42 36
14 44 96
14 46 1
14 47 1
14 48 10
14 54 5
14 57 3
14 60 1
14 62 1
14 68 52
14 71 2
14 72 52
14 79 1
14 80 1
14 82 1
14 87 6
14 91 1
14 95 1
14 98 40
14 100 1
14 101 23
14 103 3
14 105 1
14 113 2
14 114 1
14 116 1
14 123 1
14 137 1
14 150 1
14 152 20
14 158 2
14 161 1
14 169 1
14 171 2
14 194 2
14 196 3
14 201 23
14 212 1
14 215 1
14 224 1
14 232 1
14 242 1
15 16 173
15 17 18
15 18 18
15 19 59
15 21 27
15 22 2
15 24 34
15 25 8
15 26 2
15 27 2
15 28 4
15 30 16
15 31 18
15 32 10
15 33 5
15 35 42
15 36 20
15 39 1
15 40 18
15 42 2
15 44 7
15 47 1
15 49 1
15 56 1
15 57 1
15 62 9
15 66 2
15 68 2
15 73 1
15 79 1
15 83 1
15 87 5
15 99 1
15 100 1
15 101 32
15 111 1
15 119 1
15 126 1
15 129 1
15 152 35
15 155 1
15 171 1
15 174 1
15 176 1
15 199 2
15 209 1
15 220 1
15 237 1
16 17 33
16 18 26
16 19 44
16 20 8
16 21 39
16 22 7
16 23 1
16 24 23
16 25 10
16 26 5
16 27 4
16 28 13
16 29 4
16 30 15
16 31 36
16 32 8
16 33 155
16 34 2
16 35 18
16 36 27
16 37 15
16 39 2
16 40 17
16 42 18
16 44 147
16 48 2
16 49 4
16 52 1
16 53 5
16 54 3
16 56 6
16 57 1
16 62 163
16 66 1
16 68 7
16 69 1
16 71 21
16 72 2
16 79 1
16 83 2
16 87 10
16 92 1
16 94 1
16 95 2
16 97 1
16 98 4
16 99 6
16 100 16
16 101 17
16 104 3
16 105 1
16 106 1
16 109 1
16 112 2
16 113 14
16 114 2
16 115 2
16 116 4
16 117 1
16 118 2
16 126 4
16 131 1
16 136 1
16 137 12
16 139 2
16 152 41
16 153 2
16 156 1
16 158 1
16 159 1
16 160 1
16 161 1
16 163 1
16 171 1
16 174 2
16 175 1
16 176 1
16 190 5
16 192 1
16 194 4
16 198 1
16 199 5
16 201 2
16 202 1
16 205 2
16 208 1
16 209 1
16 215 1
16 220 2
16 223 2
16 224 2
16 226 2
16 230 1
16 232 1
16 235 1
16 236 3
16 237 3
16 238 1
17 18 30
17 19 101
17 20 4
17 21 39
17 24 163
17 25 46
17 26 2
17 27 41
17 28 9
17 29 28
17 30 2
17 31 91
17 32 50
17 33 41
17 35 33
17 36 30
17 37 2
17 39 3
17 40 69
17 42 21
17 43 1
17 44 36
17 48 19
17 49 5
17 52 1
17 53 2
17 54 33
17 58 1
17 62 2
17 68 7
17 71 4
17 72 51
17 74 1
17 79 1
17 84 1
17 87 126
17 92 1
17 94 1
17 95 4
17 98 32
17 99 5
17 100 5
17 101 57
17 102 1
17 103 6
17 105 1
17 113 21
17 115 1
17 116 1
17 117 1
17 120 1
17 123 1
17 134 1
17 137 1
17 142 1
17 144 1
17 152 31
17 153 1
17 163 1
17 171 2
17 173 2
17 180 2
17 181 1
17 184 1
17 187 1
17 189 2
17 192 2
17 194 2
17 197 1
17 198 1
17 201 53
17 202 1
17 203 1
17 209 3
17 211 1
17 215 1
17 222 2
17 224 1
17 226 1
17 228 1
17 233 1
17 236 1
17 237 1
17 242 2
18 19 2
18 20 1
18 21 20
18 22 17
18 24 65
18 25 21
18 26 1
18 27 21
18 28 34
18 29 5
18 30 1
18 31 12
18 32 14
18 33 128
18 34 2
18 35 6
18 36 9
18 37 1
18 38 1
18 39 3
18 40 82
18 42 10
18 44 153
18 48 1
18 49 6
18 57 2
18 60 1
18 62 2
18 64 2
18 68 27
18 69 1
18 71 2
18 72 3
18 76 1
18 87 5
18 96 1
18 101 31
18 111 1
18 116 1
18 117 1
18 152 1
18 179 1
18 187 1
18 191 1
18 193 1
18 214 1
18 220 1
18 223 1
18 225 1
19 21 11
19 24 18
19 25 22
19 26 60
19 28 4
19 30 2
19 31 21
19 32 41
19 33 2
19 35 129
19 36 16
19 37 1
19 40 141
19 44 3
19 48 1
19 53 1
19 60 1
19 82 1
19 84 1
19 87 13
19 98 2
19 99 1
19 101 23
19 102 1
19 103 2
19 105 1
19 106 1
19 116 1
19 117 2
19 138 1
19 152 129
19 166 1
19 173 1
19 184 1
19 189 1
19 200 1
19 203 1
19 232 1
20 21 1
20 22 8
20 23 4
20 24 12
20 26 200
20 27 8
20 29 9
20 30 10
20 31 1
20 33 1
20 39 1
20 42 1
20 48 1
20 49 2
20 54 1
20 56 1
20 62 37
20 68 10
20 71 4
20 72 8
20 95 3
20 98 1
20 100 2
20 103 1
20 113 1
20 114 1
20 120 4
20 126 2
20 127 1
20 137 7
20 151 1
20 152 1
20 156 1
20 167 1
20 175 1
20 178 1
20 180 28
20 196 5
20 197 1
20 199 1
20 201 2
20 209 1
20 212 1
20 215 4
20 220 2
21 22 2
21 24 107
21 25 3
21 26 1
21 27 1
21 28 16
21 29 10
21 31 26
21 32 19
21 33 24
21 34 3
21 35 13
21 36 19
21 37 1
21 40 94
21 42 47
21 44 35
21 46 4
21 48 1
21 49 1
21 52 1
21 53 1
21 54 2
21 60 1
21 62 3
21 65 1
21 66 2
21 67 1
21 69 1
21 71 3
21 72 20
21 73 5
21 77 1
21 79 1
21 81 1
21 83 1
21 85 1
21 87 9
21 95 45
21 98 4
21 99 1
21 100 1
21 101 37
21 103 27
21 106 1
21 109 1
21 111 1
21 112 1
21 115 1
21 116 1
21 117 1
21 120 1
21 123 1
21 129 2
21 132 1
21 138 1
21 149 1
21 150 1
21 152 18
21 161 2
21 171 1
21 198 1
21 201 3
21 202 1
21 215 1
21 218 1
21 221 1
21 229 1
21 231 1
21 232 1
22 23 4
22 24 39
22 25 2
22 26 16
22 27 38
22 29 19
22 30 4
22 31 1
22 36 1
22 38 1
22 39 2
22 40 5
22 42 3
22 44 14
22 49 1
22 56 1
22 62 9
22 68 108
22 69 2
22 71 27
22 72 46
22 104 1
22 109 1
22 117 1
22 126 2
22 151 13
22 171 1
22 177 1
22 189 1
22 194 1
22 196 11
22 199 2
22 209 2
22 236 1
23 24 1
23 26 63
23 27 10
23 29 9
23 30 30
23 33 1
23 34 1
23 35 4
23 36 1
23 38 1
23 39 1
23 44 1
23 48 1
23 62 13
23 68 22
23 71 6
23 72 41
23 85 1
23 86 1
23 127 1
23 136 1
23 148 2
23 151 3
23 156 1
23 168 1
23 179 1
23 192 2
23 196 30
23 201 1
23 218 1
23 220 2
24 25 33
24 26 17
24 27 28
24 28 2
24 29 11
24 31 20
24 32 14
24 33 39
24 34 1
24 35 67
24 36 54
24 37 1
24 38 1
24 39 8
24 40 10
24 42 55
24 44 67
24 48 1
24 49 1
24 52 2
24 54 1
24 56 1
24 57 2
24 59 1
24 62 1
24 64 2
24 66 1
24 68 37
24 69 1
24 71 5
24 72 21
24 73 1
24 74 1
24 85 1
24 86 1
24 87 1
24 91 1
24 95 1
24 98 1
24 99 1
24 101 15
24 102 1
24 104 2
24 109 1
24 117 2
24 120 1
24 124 1
24 127 1
24 134 1
24 137 11
24 142 1
24 147 1
24 150 1
24 152 16
24 153 1
24 159 1
24 161 2
24 171 1
24 173 1
24 180 33
24 181 1
24 184 1
24 194 1
24 197 1
24 198 1
24 200 1
24 201 6
24 203 1
24 209 1
24 225 2
24 226 2
24 229 1
24 236 2
24 237 1
24 242 1
25 27 2
25 28 15
25 31 2
25 32 71
25 33 31
25 35 15
25 36 7
25 39 8
25 40 45
25 42 10
25 44 33
25 56 1
25 57 1
25 58 1
25 60 1
25 68 1
25 69 1
25 71 1
25 73 1
25 87 5
25 101 15
25 103 1
25 105 1
25 106 1
25 107 2
25 136 1
25 152 19
25 155 2
25 170 1
25 191 1
25 198 1
25 237 1
26 27 11
26 28 1
26 29 22
26 30 51
26 31 10
26 35 13
26 36 12
26 37 4
26 38 2
26 40 5
26 41 1
26 42 2
26 44 2
26 48 6
26 49 8
26 52 7
26 53 1
26 54 1
26 56 1
26 57 2
26 62 34
26 66 1
26 67 1
26 68 12
26 69 1
26 71 10
26 72 1
26 73 1
26 84 1
26 85 7
26 86 1
26 95 2
26 98 1
26 99 3
26 104 2
26 109 1
26 113 1
26 117 4
26 120 11
26 122 1
26 126 3
26 132 1
26 137 8
26 139 1
26 145 3
26 151 3
26 152 1
26 154 1
26 155 2
26 156 1
26 161 3
26 164 1
26 167 1
26 171 1
26 173 1
26 177 1
26 179 3
26 180 71
26 194 1
26 195 1
26 196 6
26 198 1
26 199 6
26 201 2
26 209 2
26 212 1
26 213 1
26 215 2
26 220 14
26 224 1
26 226 4
27 28 9
27 29 41
27 30 8
27 31 6
27 33 70
27 34 2
27 35 2
27 36 2
27 37 1
27 39 1
27 42 13
27 44 20
27 48 1
27 49 24
27 52 1
27 54 2
27 56 1
27 57 2
27 59 5
27 62 21
27 66 2
27 68 50
27 71 88
27 72 60
27 85 1
27 95 3
27 98 3
27 99 6
27 103 4
27 112 1
27 113 1
27 115 1
27 117 4
27 137 3
27 151 6
27 152 9
27 161 4
27 171 4
27 176 1
27 180 1
27 181 1
27 185 3
27 188 1
27 190 1
27 194 1
27 195 2
27 196 17
27 198 3
27 201 8
27 204 3
27 205 1
27 209 1
27 220 4
27 223 1
27 226 1
27 236 5
27 238 1
28 31 11
28 32 9
28 33 24
28 34 2
28 35 1
28 36 5
28 39 1
28 40 18
28 42 16
28 44 4
28 61 1
28 62 7
28 71 5
28 73 4
28 87 6
28 95 1
28 97 1
28 101 8
28 103 1
28 111 1
28 112 1
28 113 1
28 129 1
28 136 1
28 138 1
28 152 5
28 161 1
28 171 2
28 180 1
28 184 1
28 201 2
28 215 1
29 30 9
29 31 1
29 33 7
29 35 1
29 36 3
29 37 1
29 39 27
29 44 1
29 49 1
29 52 1
29 53 2
29 56 1
29 57 2
29 59 1
29 62 7
29 68 20
29 71 111
29 72 47
29 81 1
29 82 1
29 95 14
29 98 1
29 99 1
29 103 2
29 109 1
29 115 2
29 117 1
29 127 1
29 134 1
29 148 1
29 149 1
29 151 4
29 152 5
29 161 1
29 171 2
29 174 1
29 176 1
29 177 1
29 194 1
29 196 6
29 199 1
29 201 12
29 226 1
30 31 3
30 32 28
30 33 3
30 34 1
30 35 1
30 36 4
30 37 3
30 41 1
30 44 2
30 46 1
30 47 1
30 48 2
30 49 1
30 56 16
30 57 3
30 59 1
30 60 2
30 62 160
30 66 1
30 67 1
30 68 12
30 69 1
30 71 6
30 72 29
30 100 1
30 101 1
30 103 1
30 113 1
30 117 3
30 123 2
30 126 1
30 134 1
30 135 1
30 137 2
30 139 1
30 145 1
30 153 1
30 157 1
30 160 1
30 169 1
30 171 1
30 177 1
30 180 1
30 190 1
30 194 3
30 196 22
30 198 2
30 201 2
30 209 3
30 224 4
30 238 1
31 32 17
31 33 10
31 35 144
31 36 232
31 37 1
31 39 1
31 40 12
31 42 23
31 44 16
31 48 2
31 49 4
31 51 1
31 54 1
31 56 2
31 57 2
31 60 2
31 62 4
31 68 2
31 69 1
31 71 1
31 72 2
31 84 1
31 87 63
31 95 1
31 97 1
31 98 1
31 99 1
31 101 19
31 105 1
31 107 3
31 109 1
31 113 2
31 115 18
31 116 1
31 119 1
31 120 1
31 134 1
31 136 1
31 137 2
31 145 1
31 152 8
31 158 1
31 159 1
31 161 1
31 173 1
31 180 2
31 185 3
31 194 2
31 198 1
31 199 1
31 201 1
31 204 1
31 209 1
31 211 1
31 220 3
31 226 3
31 230 1
31 231 1
31 236 1
32 33 21
32 35 11
32 36 10
32 37 1
32 39 4
32 40 26
32 42 72
32 44 15
32 48 1
32 57 1
32 61 2
32 62 2
32 68 2
32 71 1
32 72 2
32 74 1
32 79 1
32 82 1
32 87 33
32 95 1
32 97 2
32 98 1
32 99 1
32 101 29
32 105 1
32 106 1
32 112 1
32 114 1
32 117 2
32 134 1
32 136 1
32 137 1
32 152 32
32 163 1
32 164 1
32 181 1
32 189 2
32 192 1
32 193 1
32 211 1
32 222 2
32 231 1
32 242 1
33 34 1
33 35 3
33 36 14
33 37 2
33 39 12
33 40 19
33 42 117
33 44 146
33 48 3
33 49 5
33 52 3
33 53 1
33 54 1
33 55 1
33 56 2
33 57 4
33 59 2
33 62 15
33 64 2
33 66 3
33 68 7
33 69 2
33 71 101
33 72 6
33 74 1
33 76 1
33 80 1
33 81 2
33 87 11
33 91 1
33 95 7
33 98 4
33 99 2
33 101 31
33 102 1
33 103 5
33 105 2
33 106 1
33 112 2
33 113 1
33 114 1
33 115 3
33 116 1
33 123 2
33 132 1
33 135 1
33 136 1
33 137 1
33 152 7
33 153 1
33 155 1
33 158 1
33 159 2
33 161 2
33 163 1
33 168 1
33 171 4
33 177 1
33 179 1
33 180 1
33 185 1
33 189 3
33 190 1
33 193 1
33 195 2
33 196 1
33 198 2
33 199 2
33 200 1
33 201 3
33 203 1
33 204 1
33 211 1
33 215 3
33 224 1
33 236 1
33 241 1
33 242 1
34 35 2
34 37 37
34 38 14
34 39 1
34 40 2
34 41 10
34 42 3
34 44 2
34 45 7
34 46 47
34 47 62
34 48 44
34 49 35
34 50 11
34 51 52
34 52 47
34 53 17
34 54 65
34 55 14
34 56 1
34 59 1
34 62 1
34 66 1
34 69 1
34 71 5
34 82 19
34 90 2
34 92 1
34 94 26
34 95 1
34 99 4
34 100 1
34 103 3
34 104 2
34 115 1
34 116 7
34 117 1
34 120 58
34 121 1
34 123 1
34 126 1
34 137 9
34 150 1
34 157 1
34 158 3
34 163 2
34 168 3
34 171 1
34 174 1
34 175 1
34 180 49
34 185 36
34 190 12
34 194 3
34 195 2
34 199 4
34 201 166
34 204 53
34 209 11
34 215 14
34 220 1
34 221 1
34 224 1
34 226 18
34 236 2
34 238 1
35 36 247
35 37 2
35 38 1
35 39 1
35 40 14
35 42 12
35 44 5
35 48 7
35 49 4
35 54 1
35 56 2
35 57 1
35 59 1
35 61 1
35 62 4
35 65 1
35 68 8
35 69 1
35 72 4
35 73 1
35 87 200
35 98 2
35 100 1
35 101 31
35 109 1
35 113 3
35 114 2
35 115 23
35 117 2
35 136 1
35 137 1
35 150 1
35 152 29
35 155 1
35 158 1
35 161 3
35 167 1
35 185 9
35 194 1
35 201 20
35 202 1
35 204 1
35 208 1
35 212 2
35 220 9
35 223 1
35 224 1
35 226 2
35 233 1
36 39 2
36 40 10
36 42 97
36 44 8
36 46 1
36 48 3
36 49 2
36 53 1
36 56 1
36 58 2
36 60 1
36 62 2
36 64 3
36 68 5
36 69 1
36 71 1
36 83 1
36 87 76
36 92 1
36 98 3
36 100 1
36 101 11
36 103 1
36 105 1
36 113 2
36 114 2
36 115 48
36 119 1
36 120 1
36 137 1
36 152 10
36 158 1
36 161 1
36 180 1
36 195 1
36 201 7
36 212 1
36 215 1
36 221 1
36 224 3
37 38 7
37 42 1
37 43 1
37 44 1
37 45 196
37 46 20
37 47 74
37 48 19
37 49 46
37 50 19
37 51 121
37 52 23
37 53 63
37 54 13
37 55 10
37 56 1
37 60 1
37 62 45
37 64 11
37 68 1
37 71 3
37 72 2
37 73 1
37 76 1
37 77 1
37 82 6
37 94 38
37 96 1
37 97 2
37 98 2
37 99 9
37 100 4
37 103 1
37 105 1
37 107 2
37 109 5
37 111 2
37 115 2
37 116 4
37 117 3
37 120 29
37 121 1
37 133 1
37 137 90
37 148 1
37 152 3
37 159 2
37 161 24
37 162 1
37 163 1
37 168 1
37 171 2
37 180 16
37 185 2
37 190 277
37 194 35
37 196 1
37 199 24
37 201 12
37 202 1
37 204 20
37 207 1
37 209 20
37 215 16
37 224 2
37 226 7
37 232 2
37 233 1
37 236 3
37 238 2
37 239 1
38 39 2
38 41 165
38 45 9
38 46 24
38 47 20
38 48 19
38 49 50
38 50 9
38 51 22
38 52 38
38 53 15
38 54 54
38 55 13
38 68 1
38 82 11
38 94 59
38 107 1
38 120 75
38 137 15
38 173 1
38 176 1
38 180 38
38 190 32
38 201 43
39 40 3
39 42 1
39 44 22
39 46 1
39 62 1
39 68 10
39 71 1
39 72 3
39 101 2
39 196 1
40 42 20
40 44 34
40 46 2
40 47 1
40 48 1
40 51 1
40 54 2
40 58 2
40 65 1
40 68 4
40 70 1
40 71 5
40 73 4
40 79 1
40 84 3
40 85 1
40 87 13
40 95 3
40 97 1
40 98 1
40 99 1
40 101 21
40 103 4
40 138 1
40 144 1
40 149 1
40 152 62
40 171 2
40 186 1
40 197 1
40 198 2
40 203 1
41 45 1
41 46 4
41 47 11
41 48 3
41 49 58
41 50 3
41 51 6
41 52 2
41 53 15
41 54 1
41 55 6
41 60 8
41 66 1
41 82 4
41 94 6
41 112 2
41 120 4
41 121 1
41 126 2
41 131 1
41 137 4
41 145 8
41 176 1
41 177 1
41 180 3
41 185 1
41 190 5
41 201 20
41 204 1
41 205 2
41 212 2
41 215 2
41 220 17
41 224 1
41 227 4
42 44 21
42 46 1
42 48 2
42 49 1
42 56 2
42 59 1
42 60 1
42 62 4
42 64 2
42 69 3
42 71 40
42 72 3
42 79 2
42 83 1
42 87 7
42 91 1
42 95 17
42 98 3
42 99 2
42 100 1
42 101 36
42 103 15
42 105 1
42 106 1
42 111 1
42 112 1
42 113 1
42 120 1
42 137 4
42 147 1
42 152 10
42 159 1
42 161 1
42 164 1
42 168 2
42 185 3
42 196 1
42 199 1
42 201 3
42 203 1
42 204 7
42 226 1
42 232 1
42 241 1
43 48 1
43 53 1
43 57 1
43 74 3
43 85 13
43 86 11
43 94 3
43 103 1
43 124 4
43 147 5
43 148 6
43 154 2
43 185 8
43 186 11
43 187 1
43 188 5
43 190 1
43 191 12
43 192 19
43 194 17
43 196 4
43 197 5
43 199 7
43 200 3
43 203 1
43 204 4
43 206 1
43 209 14
43 214 9
43 215 4
43 218 5
43 220 11
43 222 7
43 225 6
43 226 12
43 234 3
44 49 27
44 56 1
44 57 1
44 60 3
44 62 1
44 64 2
44 66 1
44 68 14
44 71 9
44 72 1
44 75 1
44 79 4
44 80 1
44 87 17
44 100 1
44 101 11
44 117 2
44 137 1
44 152 4
44 158 1
44 161 1
44 167 1
44 169 1
44 171 2
44 184 1
44 191 2
44 195 1
44 198 2
44 204 1
44 214 1
44 222 1
44 223 1
44 225 1
44 226 1
44 233 1
45 46 12
45 47 15
45 48 2
45 49 11
45 50 18
45 51 51
45 52 5
45 53 3
45 54 3
45 55 3
45 62 1
45 82 6
45 94 5
45 120 7
45 137 4
45 180 2
45 190 42
45 201 8
45 224 1
46 47 75
46 48 29
46 49 11
46 50 5
46 51 2
46 52 7
46 53 13
46 54 53
46 55 8
46 62 1
46 71 3
46 79 2
46 82 16
46 83 1
46 90 1
46 92 2
46 94 17
46 97 1
46 100 1
46 102 1
46 106 1
46 109 1
46 120 8
46 137 9
46 161 1
46 180 33
46 190 20
46 201 68
46 232 1
46 241 1
47 48 19
47 49 32
47 50 19
47 51 12
47 52 29
47 53 47
47 54 67
47 55 3
47 59 3
47 60 2
47 66 2
47 71 3
47 82 5
47 84 2
47 94 20
47 104 1
47 105 1
47 117 1
47 120 133
47 137 27
47 153 1
47 159 1
47 161 1
47 169 1
47 180 37
47 185 14
47 190 36
47 201 35
47 204 32
47 205 8
47 215 34
47 221 1
47 238 3
48 49 117
48 50 77
48 51 4
48 52 8
48 53 7
48 54 96
48 55 63
48 59 1
48 64 1
48 69 4
48 71 6
48 82 29
48 84 6
48 90 2
48 94 15
48 98 48
48 99 8
48 100 2
48 105 1
48 109 1
48 113 1
48 115 4
48 116 4
48 117 1
48 120 6
48 123 1
48 132 1
48 134 1
48 137 8
48 152 2
48 158 1
48 159 2
48 161 2
48 163 2
48 171 3
48 175 1
48 178 1
48 179 1
48 180 11
48 185 7
48 190 72
48 194 16
48 195 3
48 198 4
48 199 1
48 201 92
48 204 7
48 205 8
48 209 21
48 212 1
48 215 8
48 220 48
48 223 2
48 224 1
48 226 14
48 229 1
48 231 1
48 236 8
48 238 1
49 50 29
49 51 35
49 52 20
49 53 69
49 54 27
49 55 60
49 57 3
49 62 5
49 68 3
49 71 13
49 72 1
49 82 12
49 83 1
49 84 1
49 94 85
49 98 3
49 99 1
49 100 1
49 101 1
49 102 2
49 103 1
49 105 17
49 109 14
49 112 8
49 113 2
49 115 4
49 116 4
49 117 1
49 119 3
49 120 14
49 125 1
49 137 28
49 139 1
49 145 16
49 150 1
49 158 2
49 160 6
49 161 9
49 166 1
49 167 1
49 171 5
49 180 15
49 181 1
49 184 1
49 185 8
49 190 38
49 194 4
49 198 1
49 199 4
49 201 34
49 204 3
49 205 1
49 208 1
49 209 9
49 212 3
49 215 5
49 220 102
49 223 1
49 224 2
49 226 4
49 227 3
49 236 74
50 51 18
50 52 6
50 53 44
50 54 4
50 55 4
50 82 32
50 94 21
50 99 2
50 102 6
50 112 2
50 116 1
50 120 29
50 137 9
50 180 9
50 190 39
50 201 10
50 205 3
51 52 59
51 53 9
51 54 16
51 55 6
51 56 1
51 60 2
51 62 3
51 64 6
51 69 1
51 82 8
51 94 27
51 102 1
51 117 1
51 120 71
51 137 7
51 159 3
51 163 3
51 171 1
51 177 1
51 180 13
51 185 5
51 190 135
51 194 5
51 198 1
51 199 1
51 201 32
51 204 4
51 209 6
51 220 1
51 226 9
52 53 10
52 54 17
52 55 7
52 82 2
52 94 11
52 95 1
52 98 1
52 99 5
52 100 4
52 105 1
52 109 4
52 113 1
52 114 1
52 115 2
52 116 32
52 120 193
52 137 2
52 154 1
52 158 1
52 161 2
52 180 101
52 190 11
52 194 1
52 199 3
52 201 242
52 204 50
52 205 3
52 215 42
52 221 1
52 224 1
52 242 1
53 54 109
53 55 44
53 62 1
53 69 1
53 71 3
53 79 1
53 82 5
53 94 15
53 98 2
53 99 3
53 100 3
53 105 7
53 113 7
53 114 2
53 115 2
53 120 13
53 126 1
53 131 2
53 137 29
53 152 1
53 164 1
53 180 6
53 190 34
53 194 46
53 199 36
53 201 7
53 209 11
53 212 4
53 215 1
53 220 7
53 224 2
53 226 6
53 227 2
53 230 4
53 236 1
54 55 8
54 56 1
54 62 1
54 68 1
54 71 3
54 72 2
54 82 18
54 90 2
54 92 1
54 94 38
54 95 1
54 98 31
54 99 6
54 100 1
54 102 1
54 103 2
54 109 1
54 113 4
54 114 2
54 115 3
54 116 3
54 120 54
54 121 1
54 131 1
54 134 1
54 137 13
54 143 1
54 147 1
54 152 4
54 155 1
54 161 2
54 170 2
54 173 1
54 175 1
54 180 42
54 190 14
54 191 7
54 194 3
54 195 1
54 199 2
54 201 77
54 207 1
54 209 3
54 226 4
54 232 1
54 236 5
54 241 1
55 56 35
55 57 8
55 59 15
55 62 1
55 63 2
55 64 4
55 68 1
55 69 6
55 72 1
55 79 1
55 82 4
55 84 2
55 94 15
55 99 1
55 103 1
55 105 15
55 109 7
55 112 1
55 113 2
55 114 9
55 115 1
55 116 2
55 117 18
55 120 15
55 123 4
55 124 1
55 134 1
55 137 152
55 155 4
55 159 1
55 161 13
55 162 1
55 165 4
55 166 1
55 167 1
55 171 1
55 176 1
55 178 2
55 180 14
55 184 1
55 185 2
55 190 9
55 194 2
55 198 1
55 199 4
55 201 13
55 202 1
55 204 8
55 205 3
55 220 8
55 236 1
55 241 1
56 57 20
56 58 20
56 59 32
56 60 34
56 61 13
56 63 95
56 64 22
56 65 72
56 66 72
56 67 3
56 68 1
56 69 136
56 70 20
56 71 2
56 73 91
56 79 3
56 81 1
56 83 5
56 84 1
56 85 1
56 98 1
56 100 1
56 101 2
56 103 1
56 104 3
56 105 1
56 110 14
56 114 1
56 116 1
56 117 10
56 119 1
56 120 5
56 121 1
56 122 70
56 123 6
56 124 9
56 127 33
56 129 7
56 132 2
56 133 4
56 134 14
56 135 5
56 136 11
56 137 5
56 138 35
56 141 1
56 142 11
56 144 5
56 145 1
56 146 17
56 148 2
56 149 3
56 150 1
56 152 3
56 155 7
56 156 6
56 158 3
56 159 66
56 161 2
56 162 1
56 164 2
56 167 1
56 170 1
56 171 50
56 172 34
56 173 2
56 174 1
56 175 1
56 176 3
56 178 42
56 181 1
56 182 1
56 183 1
56 184 21
56 185 1
56 188 2
56 189 5
56 190 2
56 193 21
56 195 40
56 196 1
56 198 45
56 199 1
56 202 3
56 203 13
56 204 1
56 205 47
56 208 3
56 209 3
56 211 7
56 215 3
56 217 1
56 220 1
56 221 4
56 223 2
56 224 4
56 228 2
56 230 1
56 231 4
56 232 1
56 233 8
56 235 4
56 236 1
56 238 2
56 240 1
56 242 1
57 58 172
57 59 33
57 60 22
57 61 192
57 62 3
57 63 18
57 64 21
57 65 34
57 66 37
57 67 45
57 69 56
57 70 29
57 71 1
57 73 8
57 81 4
57 83 1
57 84 14
57 87 1
57 89 2
57 96 1
57 97 1
57 99 1
57 100 1
57 103 3
57 104 3
57 105 2
57 107 1
57 109 3
57 110 154
57 111 1
57 113 1
57 115 1
57 116 1
57 117 264
57 118 1
57 119 1
57 122 9
57 123 1
57 124 12
57 127 31
57 132 10
57 133 47
57 134 9
57 135 2
57 136 6
57 137 14
57 138 18
57 140 1
57 142 5
57 146 3
57 148 5
57 149 10
57 150 2
57 152 1
57 153 2
57 155 4
57 158 4
57 159 10
57 161 1
57 164 19
57 169 2
57 171 24
57 172 2
57 174 7
57 176 5
57 178 6
57 179 10
57 181 2
57 182 1
57 183 3
57 184 14
57 189 1
57 195 1
57 197 1
57 198 19
57 199 2
57 200 1
57 202 3
57 203 1
57 205 1
57 208 1
57 209 2
57 210 1
57 211 117
57 218 1
57 219 1
57 220 2
57 223 1
57 224 3
57 226 1
57 228 1
57 229 2
57 231 2
57 233 4
57 235 1
57 236 1
57 238 1
58 59 121
58 60 26
58 61 14
58 63 9
58 64 25
58 65 33
58 66 13
58 67 67
58 69 95
58 70 25
58 73 6
58 79 1
58 80 1
58 83 1
58 84 1
58 85 2
58 95 1
58 100 2
58 103 2
58 110 183
58 111 1
58 112 1
58 113 2
58 117 87
58 122 23
58 124 12
58 127 22
58 129 2
58 132 4
58 133 3
58 134 108
58 135 1
58 136 23
58 138 18
58 140 6
58 142 121
58 144 4
58 146 17
58 148 7
58 149 1
58 161 1
58 171 4
58 178 16
58 179 2
58 183 25
58 184 9
58 186 1
58 188 2
58 189 2
58 193 1
58 195 2
58 198 2
58 202 4
58 204 1
58 210 1
58 211 2
58 219 1
58 224 1
58 232 2
58 233 1
58 237 1
58 240 1
59 60 40
59 61 25
59 63 72
59 64 211
59 65 16
59 66 21
59 67 158
59 69 125
59 70 32
59 71 1
59 73 18
59 80 1
59 83 3
59 84 13
59 89 1
59 98 1
59 99 2
59 105 1
59 110 241
59 115 2
59 116 2
59 117 84
59 120 25
59 122 34
59 123 2
59 124 5
59 125 9
59 127 1
59 129 6
59 131 1
59 132 15
59 133 7
59 134 4
59 135 6
59 136 115
59 137 38
59 138 67
59 139 45
59 140 14
59 141 2
59 142 1
59 146 12
59 148 1
59 149 13
59 150 1
59 155 13
59 156 1
59 158 1
59 159 29
59 163 1
59 164 1
59 169 5
59 171 23
59 172 18
59 174 1
59 178 11
59 181 1
59 184 8
59 185 4
59 186 1
59 189 2
59 192 1
59 193 9
59 195 18
59 198 25
59 201 2
59 203 10
59 204 17
59 205 4
59 208 38
59 211 13
59 215 10
59 219 1
59 220 1
59 223 1
59 224 55
59 226 1
59 228 2
59 231 11
59 233 4
59 235 1
59 236 5
59 237 1
59 238 47
60 61 11
60 62 3
60 63 6
60 64 16
60 65 25
60 66 352
60 67 35
60 68 1
60 69 17
60 70 109
60 73 95
60 74 1
60 79 1
60 83 1
60 85 1
60 95 1
60 99 1
60 100 2
60 103 1
60 104 4
60 109 1
60 110 32
60 114 2
60 117 138
60 118 1
60 120 4
60 122 26
60 123 2
60 124 9
60 126 1
60 127 15
60 132 3
60 133 2
60 134 4
60 136 37
60 138 139
60 140 3
60 141 2
60 144 1
60 145 1
60 146 50
60 148 7
60 149 2
60 150 1
60 158 1
60 159 1
60 161 1
60 163 1
60 171 2
60 174 1
60 178 3
60 179 1
60 180 1
60 181 1
60 184 4
60 185 2
60 189 4
60 190 2
60 191 1
60 192 1
60 193 2
60 194 2
60 195 4
60 198 2
60 199 1
60 204 2
60 205 2
60 209 1
60 211 1
60 212 1
60 215 4
60 220 31
60 223 2
60 235 2
60 236 2
60 238 1
60 241 1
61 63 3
61 64 67
61 65 23
61 66 16
61 67 115
61 69 8
61 70 17
61 73 10
61 96 1
61 99 1
61 103 1
61 105 2
61 107 1
61 110 69
61 111 3
61 113 1
61 115 1
61 117 49
61 122 155
61 124 12
61 127 24
61 129 4
61 132 2
61 133 8
61 134 1
61 136 31
61 138 22
61 140 1
61 142 15
61 144 4
61 146 9
61 148 4
61 149 5
61 153 1
61 158 2
61 159 1
61 178 3
61 179 7
61 183 5
61 184 11
61 189 1
61 193 1
61 195 8
61 198 2
61 204 1
61 211 11
61 217 1
61 220 1
62 64 12
62 66 5
62 68 11
62 69 1
62 71 55
62 72 12
62 74 1
62 76 1
62 79 1
62 81 2
62 87 3
62 88 2
62 93 1
62 94 1
62 98 2
62 99 7
62 100 8
62 105 4
62 109 17
62 112 4
62 113 21
62 115 2
62 116 3
62 117 3
62 120 2
62 126 1
62 129 1
62 133 2
62 135 1
62 137 1
62 147 1
62 151 5
62 160 2
62 161 1
62 166 1
62 171 1
62 177 1
62 179 1
62 180 1
62 185 1
62 190 13
62 194 5
62 196 16
62 198 1
62 209 4
62 220 1
62 223 1
62 224 1
62 226 3
62 228 1
63 64 17
63 65 68
63 66 8
63 67 51
63 69 17
63 70 45
63 73 13
63 81 1
63 83 2
63 84 2
63 85 1
63 89 1
63 91 2
63 99 1
63 100 1
63 103 1
63 110 16
63 117 13
63 119 6
63 122 34
63 123 2
63 124 2
63 127 6
63 129 2
63 131 1
63 132 13
63 133 10
63 134 6
63 136 9
63 137 2
63 138 13
63 140 8
63 141 1
63 144 1
63 146 9
63 149 8
63 150 2
63 155 1
63 158 1
63 159 1
63 163 6
63 164 3
63 169 2
63 171 1
63 172 8
63 176 3
63 178 12
63 184 18
63 195 113
63 198 17
63 201 1
63 203 11
63 204 1
63 205 22
63 208 3
63 211 2
63 214 2
63 215 1
63 216 1
63 221 2
63 222 1
63 223 4
63 224 1
63 229 1
63 231 5
63 233 1
63 235 4
63 236 1
63 238 3
63 242 2
64 65 8
64 66 4
64 67 92
64 68 3
64 69 23
64 70 22
64 71 1
64 73 22
64 74 1
64 79 1
64 99 1
64 103 1
64 108 1
64 109 2
64 110 15
64 112 1
64 115 2
64 117 22
64 119 1
64 120 10
64 122 76
64 124 119
64 127 8
64 129 11
64 132 3
64 134 5
64 135 14
64 136 99
64 137 10
64 138 10
64 140 30
64 141 8
64 146 7
64 149 1
64 156 1
64 158 1
64 159 13
64 161 1
64 171 17
64 172 5
64 174 1
64 178 12
64 179 1
64 180 3
64 181 1
64 184 3
64 190 13
64 193 5
64 195 12
64 198 9
64 201 1
64 203 4
64 204 12
64 208 1
64 211 15
64 215 9
64 216 2
64 217 1
64 223 1
64 224 2
64 228 2
64 236 1
64 238 1
65 66 31
65 67 34
65 69 13
65 70 18
65 73 19
65 85 1
65 104 1
65 110 25
65 117 21
65 122 9
65 124 16
65 127 73
65 129 10
65 132 3
65 133 1
65 134 2
65 136 24
65 138 21
65 140 45
65 141 2
65 142 1
65 146 22
65 148 1
65 149 7
65 152 1
65 171 4
65 178 3
65 179 1
65 183 2
65 189 1
65 195 3
65 198 1
65 200 1
65 203 3
65 207 1
65 211 4
65 231 1
65 233 1
65 235 1
65 238 2
66 67 6
66 68 1
66 69 15
66 70 118
66 73 18
66 79 47
66 84 1
66 95 1
66 98 1
66 99 1
66 100 2
66 101 1
66 102 1
66 104 6
66 107 1
66 109 1
66 110 38
66 111 1
66 114 1
66 115 1
66 116 2
66 117 191
66 119 4
66 120 2
66 122 1
66 123 30
66 124 10
66 127 7
66 132 5
66 134 2
66 136 3
66 137 3
66 138 15
66 140 3
66 141 1
66 146 7
66 149 3
66 152 2
66 155 4
66 158 3
66 159 4
66 163 14
66 164 1
66 168 1
66 169 1
66 171 16
66 173 1
66 176 2
66 178 1
66 180 2
66 184 3
66 185 1
66 189 1
66 193 2
66 194 4
66 195 3
66 198 4
66 199 1
66 203 2
66 204 3
66 207 2
66 208 1
66 209 4
66 211 11
66 212 2
66 215 8
66 216 1
66 218 1
66 220 22
66 221 2
66 223 2
66 224 1
66 226 2
66 229 1
66 231 3
66 233 1
66 236 15
66 238 1
67 69 57
67 70 9
67 73 12
67 78 1
67 81 1
67 85 2
67 100 1
67 101 1
67 107 1
67 110 92
67 117 136
67 122 285
67 124 21
67 126 1
67 127 94
67 129 2
67 132 6
67 133 3
67 134 4
67 136 149
67 138 32
67 140 5
67 141 3
67 142 7
67 144 3
67 146 42
67 148 2
67 149 1
67 152 1
67 156 1
67 166 1
67 167 1
67 172 1
67 173 1
67 178 4
67 179 7
67 184 2
67 189 2
67 195 1
67 197 1
67 202 6
67 211 7
67 233 1
67 236 1
67 237 1
67 242 1
68 71 26
68 72 35
68 93 1
68 94 1
68 99 1
68 101 2
68 112 1
68 117 1
68 123 1
68 126 1
68 137 2
68 151 120
68 158 1
68 160 1
68 162 1
68 171 2
68 173 1
68 174 1
68 181 1
68 196 17
68 201 1
68 204 2
68 209 3
68 220 3
68 225 1
68 226 1
68 236 1
69 70 26
69 73 52
69 77 4
69 79 4
69 83 56
69 84 7
69 85 1
69 86 1
69 89 30
69 90 1
69 91 7
69 92 1
69 104 1
69 105 1
69 109 3
69 110 86
69 115 5
69 116 4
69 117 120
69 118 1
69 119 5
69 120 4
69 122 107
69 123 9
69 124 6
69 125 2
69 126 1
69 127 19
69 129 3
69 132 10
69 133 4
69 134 2
69 136 9
69 137 24
69 138 33
69 140 4
69 141 4
69 142 1
69 144 8
69 146 1
69 149 9
69 150 1
69 152 2
69 155 4
69 156 2
69 158 2
69 159 105
69 160 5
69 161 2
69 164 9
69 167 1
69 169 1
69 171 13
69 172 32
69 175 1
69 177 2
69 178 5
69 179 2
69 180 1
69 183 1
69 184 4
69 185 1
69 189 3
69 193 1
69 194 1
69 195 12
69 198 10
69 202 54
69 203 34
69 205 17
69 208 6
69 210 3
69 211 5
69 215 2
69 216 1
69 220 3
69 221 1
69 223 8
69 226 1
69 229 108
69 231 8
69 233 6
69 236 1
69 238 1
69 240 1
69 242 3
70 73 47
70 110 286
70 117 31
70 122 19
70 124 10
70 127 12
70 129 11
70 132 3
70 133 1
70 135 13
70 136 13
70 138 55
70 140 5
70 146 6
70 149 1
70 161 1
70 184 1
70 192 1
70 195 10
70 198 1
70 202 1
70 203 1
70 204 1
70 205 1
70 207 1
70 211 1
70 214 1
70 220 1
70 231 2
70 236 1
70 237 1
71 72 13
71 95 1
71 98 1
71 101 1
71 103 1
71 109 4
71 110 1
71 113 2
71 151 8
71 152 4
71 156 1
71 158 1
71 159 2
71 161 1
71 164 1
71 171 5
71 178 1
71 181 1
71 185 2
71 190 1
71 196 18
71 198 5
71 199 1
71 201 6
71 204 1
71 209 3
71 215 2
71 221 1
71 228 1
71 234 1
72 73 1
72 79 1
72 84 1
72 95 5
72 98 2
72 99 1
72 100 2
72 103 1
72 105 1
72 107 1
72 109 1
72 113 1
72 115 1
72 116 1
72 137 2
72 147 1
72 151 2
72 152 11
72 161 4
72 163 2
72 172 1
72 173 1
72 176 1
72 194 1
72 196 15
72 199 2
72 201 11
72 204 1
72 215 1
72 236 2
72 238 1
73 79 6
73 83 3
73 84 71
73 88 1
73 92 1
73 95 2
73 98 1
73 103 2
73 110 19
73 112 2
73 113 1
73 114 1
73 117 23
73 119 1
73 122 57
73 123 19
73 124 15
73 125 1
73 127 27
73 129 7
73 132 2
73 133 7
73 134 1
73 135 8
73 136 35
73 137 3
73 138 71
73 139 15
73 140 3
73 141 8
73 142 2
73 146 42
73 148 9
73 149 5
73 150 1
73 152 1
73 155 9
73 158 3
73 159 2
73 164 4
73 167 1
73 169 12
73 170 1
73 171 74
73 172 9
73 177 1
73 178 3
73 181 1
73 182 2
73 184 6
73 192 2
73 193 9
73 195 4
73 197 1
73 198 36
73 200 1
73 201 1
73 202 12
73 203 6
73 205 7
73 208 3
73 211 12
73 212 1
73 215 3
73 221 6
73 224 5
73 229 5
73 231 2
73 233 34
73 235 2
73 238 10
74 77 1
74 85 14
74 86 2
74 100 1
74 148 1
74 153 1
74 156 1
74 158 1
74 166 1
74 185 10
74 186 1
74 187 16
74 188 3
74 191 4
74 192 5
74 193 1
74 194 7
74 197 5
74 199 2
74 200 12
74 202 1
74 204 2
74 209 5
74 214 8
74 215 9
74 218 4
74 220 3
74 222 12
74 225 114
74 226 4
74 234 3
75 76 56
75 77 54
75 79 9
75 80 21
75 81 29
75 82 1
75 83 30
75 84 6
75 88 58
75 89 66
75 90 17
75 91 54
75 92 22
75 93 1
75 102 1
75 126 1
75 145 1
75 158 1
75 162 1
75 174 1
75 180 1
75 206 23
75 229 29
75 230 22
75 231 11
75 235 35
75 237 23
75 238 2
75 239 7
75 240 35
75 242 193
76 77 15
76 78 1
76 79 6
76 80 15
76 81 26
76 83 27
76 84 18
76 88 16
76 89 20
76 90 30
76 91 25
76 92 12
76 93 2
76 97 1
76 99 1
76 102 6
76 105 1
76 109 2
76 112 4
76 118 59
76 126 38
76 133 2
76 134 1
76 136 1
76 145 5
76 150 83
76 155 1
76 158 1
76 160 14
76 161 1
76 168 1
76 170 1
76 171 1
76 173 1
76 201 1
76 202 2
76 206 40
76 212 2
76 219 1
76 223 1
76 224 3
76 229 32
76 230 14
76 231 3
76 233 1
76 235 28
76 237 23
76 238 14
76 239 9
76 240 10
76 242 111
77 78 2
77 79 27
77 80 344
77 81 26
77 82 1
77 83 53
77 84 26
77 86 2
77 87 1
77 88 10
77 89 12
77 90 21
77 91 20
77 92 35
77 94 1
77 97 1
77 98 1
77 102 1
77 105 2
77 106 1
77 108 1
77 112 1
77 115 1
77 131 1
77 144 8
77 146 1
77 150 1
77 152 2
77 155 2
77 156 1
77 159 3
77 161 1
77 173 1
77 180 1
77 189 21
77 203 1
77 206 20
77 218 1
77 229 59
77 230 390
77 231 18
77 235 15
77 237 22
77 238 29
77 239 12
77 240 19
77 242 16
78 80 17
78 81 3
78 84 1
78 89 4
78 90 71
78 92 1
78 167 1
78 174 1
78 206 14
78 229 3
78 230 26
78 231 2
78 235 6
78 237 1
78 238 1
78 239 231
78 240 1
79 80 14
79 81 11
79 82 1
79 83 49
79 84 339
79 86 1
79 87 1
79 88 4
79 89 7
79 90 50
79 91 19
79 92 27
79 93 1
79 95 5
79 97 1
79 98 2
79 99 9
79 100 5
79 103 36
79 105 2
79 112 1
79 115 2
79 116 78
79 117 53
79 118 1
79 119 6
79 122 1
79 123 182
79 125 12
79 127 1
79 129 6
79 131 1
79 132 2
79 133 2
79 135 5
79 139 11
79 140 4
79 145 1
79 149 6
79 150 4
79 153 9
79 155 5
79 156 2
79 158 7
79 159 1
79 162 2
79 163 184
79 166 2
79 169 2
79 171 52
79 174 3
79 175 3
79 176 1
79 177 3
79 178 3
79 182 1
79 184 1
79 188 1
79 191 2
79 195 7
79 198 2
79 202 25
79 205 6
79 206 24
79 208 107
79 209 1
79 211 1
79 212 1
79 215 1
79 221 19
79 223 2
79 224 6
79 229 92
79 230 12
79 231 308
79 232 12
79 233 1
79 235 92
79 236 3
79 237 19
79 238 99
79 239 2
79 240 20
79 242 12
80 81 8
80 83 20
80 84 4
80 85 1
80 88 9
80 89 8
80 90 12
80 91 30
80 92 8
80 97 1
80 98 1
80 104 1
80 106 1
80 109 1
80 126 2
80 142 1
80 161 2
80 206 15
80 229 20
80 230 44
80 231 19
80 232 1
80 235 10
80 237 10
80 238 4
80 239 21
80 240 33
80 242 9
81 83 41
81 84 10
81 85 1
81 88 489
81 89 13
81 90 53
81 91 11
81 92 7
81 95 1
81 102 2
81 109 10
81 113 2
81 119 4
81 123 1
81 131 4
81 134 1
81 135 1
81 136 1
81 137 1
81 147 1
81 150 58
81 155 1
81 158 29
81 159 1
81 162 2
81 163 1
81 164 1
81 166 1
81 169 2
81 174 1
81 175 1
81 176 1
81 195 1
81 198 1
81 201 1
81 202 2
81 203 1
81 205 1
81 206 67
81 208 3
81 210 39
81 211 2
81 212 1
81 221 1
81 223 2
81 228 173
81 229 31
81 230 25
81 231 75
81 233 1
81 235 90
81 237 16
81 238 17
81 239 12
81 240 14
81 241 1
81 242 28
82 90 4
82 92 2
82 94 17
82 120 3
82 137 41
82 154 1
82 180 6
82 181 1
82 190 156
82 201 26
82 232 1
82 241 1
83 84 245
83 86 1
83 88 83
83 89 9
83 90 15
83 91 51
83 92 37
83 95 4
83 98 2
83 99 1
83 100 2
83 102 1
83 103 17
83 105 3
83 106 1
83 109 2
83 112 1
83 114 5
83 115 1
83 119 9
83 123 15
83 125 3
83 131 76
83 132 1
83 133 1
83 134 2
83 137 3
83 139 5
83 141 1
83 144 1
83 145 2
83 149 1
83 152 1
83 155 2
83 158 5
83 159 3
83 160 2
83 163 1
83 164 27
83 166 2
83 168 1
83 169 1
83 171 1
83 172 3
83 173 2
83 175 2
83 176 23
83 178 5
83 179 1
83 182 1
83 189 4
83 192 1
83 194 3
83 195 5
83 198 9
83 202 4
83 203 3
83 205 55
83 206 66
83 208 6
83 209 2
83 212 74
83 218 1
83 220 1
83 221 1
83 222 1
83 223 25
83 224 7
83 228 4
83 229 280
83 230 26
83 231 40
83 232 7
83 233 6
83 235 113
83 236 1
83 237 12
83 238 32
83 239 24
83 240 36
83 241 2
83 242 70
84 88 4
84 89 31
84 90 32
84 91 15
84 92 52
84 93 1
84 95 7
84 96 2
84 99 7
84 103 15
84 104 3
84 105 2
84 106 1
84 109 6
84 111 2
84 112 1
84 113 1
84 115 1
84 116 2
84 117 3
84 119 18
84 120 1
84 123 23
84 125 10
84 126 3
84 129 7
84 131 1
84 133 4
84 134 32
84 135 4
84 137 1
84 139 4
84 140 1
84 145 2
84 149 3
84 150 1
84 153 5
84 154 1
84 155 10
84 157 1
84 158 5
84 161 5
84 163 6
84 164 2
84 166 34
84 171 1
84 172 4
84 175 3
84 176 3
84 178 7
84 180 3
84 182 6
84 189 1
84 195 8
84 198 1
84 202 2
84 203 1
84 205 23
84 206 72
84 208 30
84 209 1
84 210 2
84 211 2
84 212 6
84 214 1
84 218 1
84 220 2
84 221 6
84 223 3
84 224 32
84 229 89
84 230 19
84 231 41
84 232 3
84 233 57
84 235 76
84 236 2
84 237 6
84 238 112
84 240 31
84 241 1
84 242 19
85 86 4
85 117 2
85 122 1
85 124 1
85 127 1
85 132 1
85 136 1
85 140 1
85 142 1
85 155 3
85 156 3
85 158 2
85 160 1
85 166 2
85 171 1
85 179 2
85 181 2
85 183 1
85 185 2
85 186 4
85 187 3
85 188 4
85 191 6
85 192 1
85 194 12
85 195 2
85 197 4
85 198 1
85 200 43
85 202 2
85 204 7
85 209 5
85 214 2
85 215 4
85 218 6
85 220 79
85 222 2
85 225 5
85 226 6
85 229 1
85 234 1
85 237 1
85 239 1
86 110 3
86 126 5
86 127 1
86 132 2
86 133 2
86 144 1
86 149 2
86 153 1
86 155 3
86 164 2
86 167 6
86 168 1
86 174 1
86 179 1
86 185 5
86 186 8
86 187 4
86 188 14
86 191 18
86 192 17
86 194 19
86 197 20
86 199 63
86 200 5
86 204 74
86 209 19
86 211 3
86 214 2
86 215 15
86 218 9
86 220 8
86 222 6
86 225 2
86 226 17
86 229 1
86 234 21
87 99 1
87 101 16
87 115 8
87 116 1
87 137 1
87 146 1
87 152 7
87 181 3
87 229 1
87 231 1
88 89 6
88 90 16
88 91 10
88 92 1
88 93 1
88 97 1
88 98 2
88 105 1
88 109 13
88 113 5
88 119 1
88 123 1
88 131 81
88 136 2
88 150 3
88 153 1
88 155 3
88 159 1
88 160 1
88 161 1
88 164 6
88 166 1
88 169 2
88 171 2
88 175 1
88 176 6
88 182 2
88 184 1
88 206 45
88 208 2
88 211 2
88 212 4
88 221 3
88 223 2
88 224 1
88 226 1
88 228 50
88 229 23
88 230 20
88 231 15
88 233 1
88 235 30
88 237 14
88 238 14
88 239 14
88 240 33
88 241 3
88 242 52
89 90 21
89 91 165
89 92 5
89 93 45
89 109 1
89 114 1
89 117 2
89 119 2
89 131 4
89 132 4
89 136 2
89 149 1
89 150 3
89 158 1
89 164 1
89 169 1
89 172 15
89 176 1
89 182 1
89 195 3
89 202 1
89 203 32
89 205 3
89 206 27
89 210 4
89 212 3
89 221 1
89 223 14
89 224 3
89 228 3
89 229 10
89 230 4
89 231 10
89 235 16
89 237 5
89 238 24
89 239 3
89 240 12
89 242 25
90 91 17
90 92 26
90 102 2
90 106 1
90 112 1
90 122 1
90 180 3
90 201 6
90 206 29
90 229 37
90 230 10
90 231 30
90 235 108
90 236 1
90 237 15
90 238 31
90 239 95
90 240 23
90 242 28
91 92 6
91 93 8
91 100 2
91 103 2
91 104 2
91 105 1
91 112 1
91 114 7
91 115 1
91 118 1
91 119 1
91 123 2
91 131 12
91 132 28
91 133 2
91 145 5
91 150 5
91 155 8
91 158 3
91 160 1
91 161 2
91 162 1
91 171 1
91 172 13
91 174 1
91 176 1
91 179 1
91 189 1
91 195 5
91 202 1
91 203 59
91 205 31
91 206 10
91 208 1
91 210 7
91 212 165
91 215 1
91 221 2
91 223 214
91 224 3
91 229 7
91 230 13
91 231 50
91 232 2
91 233 2
91 235 10
91 236 2
91 237 3
91 238 3
91 239 1
91 240 3
91 241 4
91 242 16
92 93 1
92 95 5
92 98 1
92 99 1
92 103 8
92 105 1
92 110 1
92 149 1
92 152 1
92 153 2
92 160 1
92 161 1
92 163 1
92 175 3
92 177 1
92 180 1
92 188 1
92 197 2
92 201 1
92 203 2
92 205 2
92 206 60
92 229 30
92 230 130
92 231 8
92 232 4
92 235 18
92 237 6
92 238 20
92 239 7
92 240 6
92 242 17
93 94 1
93 98 1
93 103 1
93 109 2
93 112 1
93 113 1
93 118 21
93 119 25
93 121 25
93 123 23
93 124 10
93 125 6
93 128 33
93 130 13
93 131 53
93 139 17
93 143 12
93 145 17
93 148 1
93 150 23
93 196 1
93 205 71
93 206 9
93 207 9
93 208 25
93 210 11
93 212 15
93 213 9
93 216 37
93 217 8
93 219 19
93 221 27
93 223 18
93 224 39
93 227 16
93 228 40
93 230 1
93 231 23
93 240 1
93 241 1
93 242 15
94 99 1
94 101 9
94 104 1
94 107 1
94 115 1
94 120 14
94 137 18
94 147 5
94 154 5
94 161 1
94 175 1
94 180 13
94 184 1
94 190 34
94 194 1
94 196 2
94 199 1
94 201 30
94 206 13
94 215 1
94 232 1
95 96 18
95 97 12
95 98 8
95 99 10
95 100 7
95 102 47
95 103 72
95 104 103
95 105 271
95 106 19
95 107 6
95 108 6
95 109 9
95 111 4
95 112 8
95 113 6
95 114 9
95 115 38
95 116 20
95 123 1
95 129 2
95 134 1
95 137 1
95 139 1
95 145 1
95 147 10
95 149 1
95 150 1
95 153 4
95 155 1
95 158 1
95 161 95
95 162 1
95 170 11
95 175 1
95 181 1
95 182 1
95 198 1
95 201 2
95 205 3
95 206 1
95 208 2
95 213 1
95 215 1
95 224 1
95 226 1
95 232 143
95 236 6
95 241 19
96 97 27
96 98 43
96 99 9
96 100 57
96 102 24
96 103 105
96 104 11
96 105 45
96 106 82
96 107 10
96 108 272
96 109 40
96 111 31
96 112 33
96 113 159
96 114 102
96 115 27
96 116 21
96 119 1
96 147 27
96 161 5
96 170 85
96 229 1
96 232 33
96 236 12
96 237 1
96 241 14
97 98 10
97 99 511
97 100 35
97 102 33
97 103 20
97 104 58
97 105 28
97 106 52
97 107 25
97 108 17
97 109 98
97 110 1
97 111 39
97 112 16
97 113 86
97 114 15
97 115 28
97 116 492
97 118 1
97 139 1
97 145 4
97 147 113
97 156 3
97 157 3
97 161 31
97 166 1
97 168 1
97 170 112
97 174 1
97 205 1
97 207 1
97 217 1
97 221 1
97 228 1
97 229 2
97 231 2
97 232 37
97 236 10
97 241 114
98 99 35
98 100 75
98 102 19
98 103 6
98 104 13
98 105 202
98 106 36
98 107 7
98 108 40
98 109 28
98 111 21
98 112 133
98 113 31
98 114 22
98 115 66
98 116 36
98 123 2
98 132 1
98 137 3
98 147 86
98 152 6
98 161 106
98 170 34
98 171 1
98 172 1
98 194 2
98 199 1
98 201 105
98 203 2
98 205 1
98 207 1
98 209 1
98 221 2
98 224 1
98 229 2
98 231 1
98 232 55
98 236 34
98 240 2
98 241 3
98 242 2
99 100 249
99 102 14
99 103 13
99 104 14
99 105 67
99 106 11
99 107 36
99 108 32
99 109 23
99 110 1
99 111 13
99 112 15
99 113 72
99 114 13
99 115 119
99 116 172
99 119 82
99 120 1
99 123 2
99 126 1
99 129 1
99 136 1
99 137 6
99 138 4
99 139 1
99 145 2
99 146 2
99 147 88
99 150 1
99 152 5
99 153 4
99 155 4
99 156 1
99 158 4
99 160 13
99 161 16
99 162 8
99 163 6
99 164 4
99 166 4
99 168 8
99 170 102
99 171 2
99 173 2
99 174 3
99 177 14
99 180 3
99 182 2
99 190 1
99 193 1
99 194 8
99 199 2
99 201 4
99 202 1
99 203 2
99 204 1
99 205 1
99 207 1
99 208 2
99 209 3
99 211 2
99 215 2
99 216 1
99 217 1
99 221 14
99 224 23
99 228 1
99 229 2
99 232 18
99 233 2
99 236 203
99 238 2
99 241 196
100 102 50
100 103 42
100 104 26
100 105 22
100 106 10
100 107 8
100 108 22
100 109 19
100 110 1
100 111 12
100 112 62
100 113 596
100 114 202
100 115 50
100 116 53
100 117 2
100 118 3
100 119 1
100 129 5
100 133 2
100 135 5
100 136 1
100 137 1
100 143 1
100 145 4
100 146 1
100 147 48
100 150 3
100 152 1
100 153 2
100 155 38
100 158 1
100 161 85
100 162 2
100 163 12
100 164 4
100 166 11
100 168 15
100 169 1
100 170 8
100 171 2
100 174 3
100 175 4
100 176 1
100 177 4
100 181 1
100 184 1
100 189 1
100 194 8
100 195 4
100 198 1
100 201 6
100 204 1
100 205 3
100 208 2
100 209 5
100 210 1
100 212 1
100 221 3
100 224 43
100 226 5
100 229 1
100 231 2
100 232 33
100 235 2
100 236 59
100 238 6
100 241 73
101 109 1
101 113 1
101 116 1
101 122 1
101 124 3
101 136 3
101 147 4
101 152 38
101 155 1
101 158 2
101 178 1
101 181 1
101 196 19
101 206 3
101 209 1
101 238 1
102 103 14
102 104 40
102 105 52
102 106 29
102 107 4
102 108 7
102 109 15
102 111 4
102 112 84
102 113 6
102 114 105
102 115 17
102 116 26
102 119 1
102 123 1
102 142 1
102 143 1
102 144 1
102 145 1
102 147 18
102 161 30
102 170 11
102 177 1
102 193 4
102 206 2
102 207 2
102 221 1
102 228 1
102 229 1
102 232 21
102 236 6
102 237 1
102 240 1
102 241 21
103 104 72
103 105 35
103 106 21
103 107 13
103 108 93
103 109 17
103 111 69
103 112 42
103 113 246
103 114 18
103 115 18
103 116 52
103 119 1
103 120 1
103 122 1
103 123 14
103 125 3
103 126 2
103 129 6
103 133 1
103 134 11
103 135 6
103 136 2
103 137 1
103 138 1
103 139 1
103 145 10
103 147 38
103 152 3
103 153 2
103 154 1
103 155 1
103 158 21
103 160 1
103 161 23
103 162 3
103 163 19
103 164 1
103 166 1
103 167 2
103 168 4
103 170 26
103 171 1
103 173 3
103 174 3
103 175 2
103 176 2
103 177 17
103 178 1
103 179 1
103 180 1
103 185 3
103 195 10
103 201 3
103 202 2
103 203 1
103 204 3
103 205 3
103 207 1
103 208 2
103 211 1
103 212 4
103 220 2
103 221 1
103 223 3
103 224 5
103 228 1
103 229 3
103 232 64
103 233 1
103 235 4
103 236 16
103 238 20
103 240 1
103 241 13
104 105 45
104 107 46
104 108 3
104 109 50
104 110 9
104 111 25
104 112 11
104 113 57
104 114 31
104 115 33
104 116 17
104 117 3
104 118 1
104 123 2
104 125 3
104 126 50
104 134 6
104 135 29
104 138 1
104 145 42
104 147 43
104 150 1
104 155 2
104 156 1
104 158 3
104 161 99
104 162 1
104 163 4
104 165 1
104 170 4
104 171 1
104 174 6
104 175 2
104 176 7
104 177 46
104 179 1
104 199 2
104 208 4
104 212 4
104 217 1
104 223 14
104 224 21
104 229 1
104 232 38
104 233 1
104 235 2
104 236 16
104 238 10
104 241 21
105 106 101
105 107 52
105 108 9
105 109 129
105 110 1
105 111 18
105 112 155
105 113 61
105 114 239
105 115 30
105 116 38
105 119 33
105 120 1
105 123 2
105 126 3
105 129 2
105 135 1
105 136 1
105 137 7
105 143 2
105 145 1
105 146 1
105 147 35
105 153 3
105 154 1
105 155 5
105 156 2
105 158 3
105 160 2
105 161 36
105 162 1
105 163 1
105 164 3
105 165 6
105 166 1
105 168 4
105 170 40
105 174 35
105 176 11
105 177 3
105 180 1
105 195 4
105 199 3
105 201 2
105 202 1
105 204 3
105 205 2
105 206 3
105 208 1
105 209 1
105 220 2
105 221 3
105 224 1
105 229 3
105 230 1
105 231 1
105 232 109
105 235 2
105 236 95
105 238 1
105 241 25
106 107 15
106 108 2
106 109 6
106 110 1
106 111 6
106 112 140
106 113 30
106 114 18
106 115 94
106 116 21
106 117 1
106 126 1
106 137 1
106 145 1
106 147 29
106 156 1
106 161 33
106 170 49
106 175 1
106 207 2
106 211 1
106 213 1
106 229 1
106 231 1
106 232 209
106 236 38
106 237 1
106 241 18
107 108 61
107 109 7
107 111 27
107 112 13
107 113 26
107 114 12
107 115 56
107 116 38
107 128 3
107 136 1
107 143 6
107 147 33
107 156 1
107 159 1
107 161 188
107 170 15
107 201 1
107 205 2
107 224 2
107 232 119
107 236 240
107 241 18
108 109 13
108 111 317
108 112 9
108 113 83
108 114 9
108 115 26
108 116 21
108 118 3
108 123 1
108 128 8
108 143 1
108 147 15
108 150 5
108 153 1
108 161 7
108 170 49
108 202 1
108 217 5
108 221 1
108 224 1
108 229 1
108 232 2
108 236 6
108 238 1
108 241 17
109 111 6
109 112 217
109 113 26
109 114 70
109 115 66
109 116 81
109 117 3
109 119 5
109 120 5
109 123 1
109 124 1
109 126 8
109 134 1
109 137 6
109 139 14
109 143 1
109 147 45
109 150 1
109 153 20
109 155 3
109 158 2
109 160 1
109 161 39
109 162 16
109 163 1
109 164 1
109 166 6
109 170 125
109 171 1
109 174 31
109 178 3
109 180 2
109 190 1
109 194 1
109 199 5
109 201 2
109 202 2
109 204 25
109 209 1
109 210 1
109 212 1
109 215 13
109 216 1
109 220 3
109 221 4
109 223 1
109 224 28
109 232 27
109 233 2
109 235 3
109 236 99
109 238 2
109 241 19
110 113 5
110 116 1
110 117 13
110 122 20
110 124 7
110 127 22
110 128 1
110 132 5
110 133 44
110 134 1
110 136 39
110 138 36
110 140 3
110 141 4
110 142 6
110 144 2
110 146 17
110 149 10
110 153 1
110 155 1
110 164 3
110 171 4
110 174 1
110 176 1
110 179 23
110 184 7
110 189 1
110 195 1
110 197 1
110 198 1
110 202 10
110 209 1
110 211 7
110 216 1
110 217 2
110 226 1
110 228 2
110 233 2
110 236 1
110 241 4
111 112 5
111 113 81
111 114 9
111 115 2
111 116 11
111 126 1
111 147 9
111 154 1
111 155 1
111 161 58
111 170 39
111 211 1
111 217 3
111 231 1
111 232 4
111 236 2
111 237 2
111 241 67
112 113 36
112 114 36
112 115 112
112 116 30
112 118 2
112 119 2
112 123 92
112 129 27
112 134 4
112 137 3
112 145 1
112 147 135
112 150 1
112 152 1
112 153 2
112 155 24
112 158 20
112 161 34
112 164 1
112 166 1
112 167 2
112 168 64
112 170 4
112 174 3
112 178 1
112 179 1
112 183 1
112 190 1
112 195 33
112 199 2
112 207 1
112 211 1
112 223 2
112 224 2
112 228 1
112 229 6
112 231 1
112 232 55
112 233 1
112 235 3
112 236 131
112 238 1
112 240 1
112 241 18
113 114 38
113 115 44
113 116 7
113 117 1
113 118 1
113 119 2
113 126 4
113 129 3
113 133 1
113 134 1
113 136 1
113 137 1
113 145 3
113 147 49
113 150 1
113 153 35
113 155 84
113 156 4
113 158 19
113 161 39
113 162 19
113 164 2
113 166 10
113 168 1
113 169 1
113 170 9
113 174 2
113 176 5
113 179 5
113 184 2
113 195 1
113 199 1
113 201 15
113 202 2
113 204 1
113 206 1
113 208 2
113 212 3
113 223 4
113 224 59
113 226 1
113 229 1
113 230 1
113 231 2
113 232 13
113 233 4
113 236 16
113 238 2
113 241 309
113 242 2
114 115 11
114 116 11
114 117 4
114 119 2
114 120 1
114 121 1
114 124 1
114 125 1
114 126 7
114 132 1
114 137 4
114 139 1
114 147 16
114 150 1
114 155 1
114 158 58
114 161 6
114 164 3
114 167 15
114 168 1
114 170 59
114 174 1
114 176 10
114 178 4
114 199 2
114 205 14
114 209 1
114 215 1
114 220 2
114 221 3
114 223 5
114 224 5
114 229 1
114 232 20
114 235 65
114 236 14
114 238 2
114 239 1
114 241 5
115 116 302
115 117 2
115 118 2
115 119 3
115 120 1
115 123 2
115 124 1
115 126 2
115 132 1
115 133 1
115 134 2
115 135 1
115 137 6
115 138 2
115 139 8
115 140 1
115 145 4
115 147 166
115 150 2
115 152 1
115 153 86
115 155 8
115 156 5
115 158 19
115 159 1
115 160 11
115 161 75
115 162 78
115 163 4
115 164 1
115 167 1
115 168 4
115 170 22
115 171 2
115 172 2
115 173 3
115 174 43
115 176 2
115 177 11
115 179 1
115 185 2
115 190 1
115 195 3
115 198 2
115 201 8
115 202 3
115 203 4
115 204 1
115 205 5
115 206 1
115 208 1
115 211 1
115 215 1
115 216 3
115 228 1
115 229 2
115 231 1
115 232 60
115 233 1
115 235 2
115 236 521
115 239 1
115 241 17
116 118 1
116 119 2
116 120 21
116 123 1
116 128 5
116 129 2
116 132 1
116 133 1
116 134 2
116 135 2
116 137 4
116 147 121
116 152 4
116 156 10
116 158 5
116 160 12
116 161 27
116 163 84
116 168 32
116 170 21
116 171 3
116 172 2
116 174 7
116 176 1
116 177 32
116 178 2
116 180 3
116 182 1
116 195 2
116 198 5
116 201 6
116 202 37
116 204 63
116 205 3
116 206 1
116 208 42
116 215 39
116 216 1
116 221 3
116 223 2
116 224 1
116 228 1
116 232 37
116 235 1
116 236 106
116 238 44
116 241 14
117 119 3
117 120 1
117 122 144
117 123 19
117 124 17
117 126 1
117 127 22
117 132 5
117 133 30
117 134 2
117 135 1
117 136 11
117 137 17
117 138 19
117 140 6
117 142 1
117 143 1
117 144 1
117 146 7
117 147 1
117 148 4
117 149 10
117 155 2
117 156 2
117 158 1
117 159 50
117 160 3
117 161 1
117 162 1
117 163 31
117 164 10
117 167 1
117 169 7
117 171 22
117 174 3
117 176 5
117 178 2
117 182 1
117 184 10
117 185 1
117 190 5
117 195 6
117 198 12
117 199 3
117 201 1
117 202 2
117 203 4
117 204 2
117 205 2
117 207 2
117 208 3
117 209 4
117 211 21
117 212 3
117 215 4
117 216 1
117 220 1
117 221 1
117 224 5
117 226 1
117 231 3
117 233 1
117 235 1
117 236 10
117 238 6
118 119 38
118 121 24
118 123 7
118 125 2
118 126 68
118 130 1
118 131 20
118 133 4
118 134 1
118 139 8
118 141 1
118 143 8
118 145 51
118 150 243
118 158 1
118 159 1
118 160 24
118 161 5
118 167 2
118 168 1
118 177 5
118 178 2
118 185 1
118 195 1
118 205 16
118 206 1
118 207 252
118 208 4
118 210 7
118 212 10
118 213 3
118 216 5
118 217 84
118 219 8
118 221 14
118 223 424
118 224 16
118 227 16
118 228 2
118 235 1
118 236 1
118 241 2
119 121 2
119 123 18
119 125 4
119 126 2
119 128 193
119 129 2
119 131 12
119 132 2
119 133 1
119 135 1
119 137 1
119 139 21
119 141 1
119 143 9
119 145 27
119 149 3
119 150 35
119 153 8
119 155 12
119 158 1
119 159 10
119 161 4
119 162 1
119 163 5
119 164 4
119 166 2
119 169 1
119 171 2
119 172 1
119 174 1
119 175 1
119 176 9
119 178 2
119 195 7
119 198 26
119 203 6
119 205 29
119 207 7
119 208 24
119 210 11
119 211 14
119 212 32
119 213 13
119 216 17
119 217 140
119 219 18
119 221 161
119 223 27
119 224 49
119 226 1
119 227 6
119 228 9
119 229 8
119 231 1
119 233 1
119 235 9
119 236 64
119 238 8
119 241 1
119 242 1
120 126 2
120 137 7
120 148 1
120 154 1
120 158 1
120 159 2
120 180 85
120 185 1
120 190 14
120 194 1
120 195 1
120 199 1
120 201 37
120 204 40
120 205 24
120 209 1
120 215 91
120 220 1
120 223 2
120 224 1
120 235 1
120 238 4
121 123 30
121 125 4
121 128 16
121 130 19
121 131 34
121 139 4
121 143 15
121 145 44
121 150 13
121 205 501
121 206 2
121 207 5
121 208 2
121 210 13
121 212 577
121 213 1
121 216 21
121 217 10
121 219 6
121 221 23
121 223 35
121 224 35
121 227 28
121 228 15
122 123 3
122 124 15
122 127 16
122 129 4
122 132 2
122 133 1
122 134 1
122 135 3
122 136 45
122 138 66
122 140 6
122 141 12
122 143 1
122 146 9
122 148 2
122 152 1
122 153 1
122 156 1
122 159 1
122 160 1
122 161 2
122 171 1
122 172 31
122 174 1
122 178 23
122 181 1
122 184 1
122 189 2
122 193 47
122 195 8
122 198 1
122 202 25
122 203 10
122 206 1
122 208 2
122 212 1
122 219 2
122 226 2
122 228 1
122 231 6
122 233 11
122 236 2
122 240 1
122 242 1
123 125 20
123 126 3
123 128 11
123 129 20
123 130 6
123 131 15
123 133 3
123 134 1
123 135 6
123 137 1
123 139 39
123 143 33
123 144 5
123 145 256
123 149 1
123 150 17
123 153 1
123 155 1
123 156 1
123 158 10
123 159 1
123 161 1
123 162 3
123 163 62
123 168 38
123 169 1
123 170 1
123 171 22
123 172 1
123 173 1
123 174 1
123 176 3
123 177 1
123 178 9
123 180 1
123 181 1
123 184 2
123 185 1
123 193 1
123 195 81
123 198 9
123 199 2
123 201 1
123 202 5
123 203 1
123 205 45
123 206 1
123 207 8
123 208 75
123 209 1
123 210 166
123 211 1
123 212 16
123 213 20
123 215 1
123 216 19
123 217 3
123 219 44
123 221 31
123 223 14
123 224 31
123 226 2
123 227 15
123 228 7
123 229 4
123 231 7
123 233 4
123 235 32
123 236 2
123 238 48
123 241 2
123 242 2
124 127 16
124 132 4
124 133 3
124 134 3
124 136 5
124 138 15
124 139 1
124 140 18
124 141 5
124 142 2
124 144 3
124 146 16
124 147 5
124 148 40
124 149 1
124 171 3
124 172 1
124 178 2
124 184 3
124 193 1
124 195 3
124 198 6
124 202 7
124 203 1
124 206 8
124 209 1
124 211 3
124 233 6
124 237 1
125 128 5
125 129 1
125 131 5
125 132 2
125 139 30
125 143 2
125 145 24
125 150 1
125 153 1
125 158 1
125 171 3
125 177 34
125 195 1
125 203 2
125 205 16
125 207 6
125 208 11
125 210 1
125 212 5
125 213 6
125 217 3
125 219 8
125 221 5
125 224 26
125 227 6
125 228 1
125 229 16
125 233 1
125 235 7
125 238 17
126 129 1
126 132 1
126 135 2
126 139 1
126 141 1
126 142 1
126 145 12
126 147 1
126 150 21
126 153 20
126 154 7
126 155 3
126 156 213
126 157 9
126 158 32
126 160 73
126 161 26
126 162 8
126 163 38
126 164 20
126 165 15
126 166 14
126 167 51
126 168 14
126 169 16
126 173 13
126 174 88
126 175 16
126 176 35
126 177 11
126 179 11
126 181 9
126 182 1
126 195 2
126 199 1
126 202 1
126 204 1
126 208 2
126 211 1
126 212 4
126 215 2
126 223 7
126 224 4
126 229 2
126 231 1
126 233 3
126 234 1
126 236 3
126 238 4
127 129 8
127 132 2
127 134 4
127 135 1
127 136 94
127 138 12
127 140 3
127 141 1
127 142 1
127 144 14
127 146 17
127 148 10
127 158 1
127 159 2
127 162 1
127 165 1
127 171 1
127 172 1
127 174 1
127 184 11
127 188 1
127 189 1
127 193 2
127 195 11
127 198 1
127 210 1
127 211 8
127 228 1
127 229 1
128 131 16
128 132 1
128 133 2
128 139 2
128 143 53
128 145 13
128 146 1
128 150 94
128 205 16
128 207 10
128 208 25
128 210 12
128 211 1
128 212 14
128 213 315
128 216 12
128 217 16
128 219 11
128 221 6
128 223 8
128 224 28
128 227 19
128 228 4
129 132 33
129 133 12
129 134 9
129 135 103
129 136 1
129 138 5
129 139 2
129 140 23
129 141 10
129 142 8
129 144 4
129 145 1
129 146 14
129 148 5
129 149 6
129 153 1
129 155 1
129 156 1
129 159 24
129 160 1
129 163 9
129 168 17
129 171 30
129 172 13
129 173 1
129 177 4
129 178 79
129 181 1
129 183 6
129 184 13
129 189 2
129 190 1
129 193 15
129 195 152
129 198 16
129 202 16
129 203 9
129 205 1
129 208 2
129 211 16
129 212 2
129 223 2
129 229 1
129 231 1
129 233 14
129 235 4
129 236 1
129 238 14
130 131 5
130 139 1
130 143 180
130 145 17
130 150 5
130 205 4
130 207 2
130 208 3
130 210 1
130 212 1
130 216 18
130 217 2
130 219 1
130 221 2
130 223 22
130 224 8
130 227 1
130 228 22
131 139 13
131 143 1
131 145 20
131 146 1
131 150 59
131 155 1
131 158 3
131 164 31
131 166 2
131 171 1
131 176 28
131 194 1
131 195 2
131 198 1
131 202 1
131 203 6
131 205 21
131 207 2
131 208 136
131 210 47
131 212 65
131 213 6
131 216 41
131 217 14
131 219 11
131 221 355
131 223 40
131 224 40
131 227 58
131 228 8
131 229 2
131 231 5
131 235 4
131 238 4
131 241 2
131 242 101
132 133 149
132 134 1
132 135 31
132 136 4
132 138 7
132 139 1
132 141 14
132 142 1
132 144 17
132 148 25
132 149 289
132 150 3
132 152 2
132 153 1
132 159 9
132 160 1
132 163 1
132 164 2
132 165 3
132 169 2
132 171 30
132 172 61
132 173 2
132 176 5
132 178 45
132 183 15
132 184 83
132 189 30
132 193 14
132 195 94
132 198 20
132 199 1
132 201 1
132 202 11
132 203 131
132 205 2
132 207 1
132 210 2
132 211 148
132 212 2
132 215 1
132 220 1
132 221 1
132 222 1
132 223 78
132 224 7
132 226 1
132 233 14
132 235 2
132 238 5
132 242 1
133 134 33
133 135 1
133 136 11
133 138 1
133 139 1
133 141 67
133 142 18
133 144 2
133 145 2
133 148 20
133 149 77
133 150 1
133 153 1
133 155 3
133 156 1
133 158 43
133 159 9
133 161 2
133 162 3
133 163 1
133 164 3
133 171 37
133 172 6
133 173 1
133 174 1
133 176 2
133 177 1
133 178 43
133 179 2
133 183 3
133 184 54
133 189 8
133 193 6
133 195 62
133 198 8
133 199 2
133 201 1
133 202 32
133 203 53
133 205 8
133 208 3
133 211 22
133 223 32
133 224 5
133 229 1
133 233 84
133 235 6
133 236 1
133 238 2
134 135 6
134 137 1
134 139 1
134 141 2
134 142 141
134 144 4
134 148 35
134 149 5
134 150 2
134 153 1
134 155 2
134 156 2
134 158 4
134 159 25
134 160 1
134 161 1
134 163 1
134 166 6
134 167 2
134 168 2
134 171 15
134 172 6
134 174 1
134 175 2
134 176 2
134 178 255
134 179 1
134 183 31
134 184 17
134 189 8
134 190 1
134 192 1
134 193 24
134 195 12
134 198 115
134 202 33
134 203 9
134 204 1
134 205 20
134 208 4
134 211 29
134 221 1
134 223 1
134 224 2
134 229 27
134 231 1
134 233 53
134 235 4
134 236 2
134 241 1
135 136 1
135 138 1
135 140 1
135 141 5
135 142 1
135 144 22
135 145 9
135 146 7
135 148 13
135 149 7
135 150 1
135 155 1
135 159 10
135 160 5
135 166 1
135 171 6
135 172 11
135 175 1
135 177 33
135 178 8
135 183 2
135 184 9
135 189 160
135 193 6
135 195 104
135 198 9
135 202 7
135 203 9
135 204 2
135 205 1
135 208 1
135 211 10
135 224 1
135 229 1
135 233 7
135 235 5
135 238 9
136 138 155
136 140 16
136 141 4
136 142 1
136 144 1
136 146 13
136 148 1
136 149 2
136 156 1
136 158 1
136 159 1
136 161 1
136 162 1
136 164 1
136 169 1
136 171 2
136 172 1
136 174 1
136 178 4
136 179 2
136 181 2
136 184 1
136 185 1
136 192 2
136 193 2
136 195 4
136 198 1
136 202 20
136 203 2
136 211 4
136 218 2
136 220 1
136 222 1
136 228 1
136 233 6
136 237 1
136 238 1
137 139 1
137 149 1
137 155 2
137 159 11
137 160 1
137 161 7
137 166 1
137 170 1
137 171 2
137 176 2
137 177 1
137 178 1
137 180 40
137 181 4
137 184 1
137 185 1
137 190 313
137 195 1
137 199 1
137 201 13
137 202 2
137 204 24
137 205 7
137 206 1
137 208 1
137 209 2
137 212 1
137 215 9
137 220 4
137 224 1
137 226 1
137 229 1
137 230 2
137 233 1
137 236 5
137 241 2
138 140 9
138 141 1
138 144 2
138 146 29
138 148 2
138 149 1
138 155 1
138 156 1
138 159 7
138 167 1
138 169 1
138 171 5
138 172 1
138 174 1
138 177 1
138 184 2
138 193 3
138 195 14
138 198 3
138 202 1
138 203 46
138 211 2
138 220 1
138 233 1
139 144 1
139 145 2
139 149 2
139 150 6
139 153 3
139 155 1
139 156 1
139 158 2
139 162 16
139 164 2
139 171 10
139 174 14
139 175 1
139 176 2
139 178 1
139 179 1
139 189 1
139 195 1
139 198 1
139 202 3
139 205 4
139 207 6
139 208 36
139 210 3
139 212 7
139 213 7
139 215 2
139 217 2
139 219 18
139 221 28
139 223 112
139 224 150
139 227 91
139 228 14
139 229 3
139 231 2
139 233 1
139 235 16
139 236 2
139 238 23
139 242 5
140 141 3
140 148 6
140 149 8
140 179 1
140 181 1
140 184 1
140 192 1
140 198 1
140 215 1
140 218 1
140 226 1
140 238 2
141 142 82
141 144 18
141 146 6
141 148 19
141 149 16
141 152 1
141 156 1
141 159 12
141 171 94
141 172 10
141 178 9
141 184 5
141 189 8
141 193 11
141 195 18
141 198 7
141 202 9
141 203 38
141 211 10
141 231 1
141 233 190
142 144 9
142 146 9
142 148 18
142 149 7
142 158 1
142 159 2
142 164 3
142 170 1
142 171 131
142 172 4
142 173 2
142 174 1
142 175 2
142 178 24
142 179 1
142 183 39
142 184 10
142 189 9
142 193 3
142 195 16
142 198 38
142 202 2
142 203 7
142 211 25
142 230 2
142 233 83
143 145 37
143 150 8
143 205 15
143 207 5
143 208 6
143 210 26
143 212 3
143 216 203
143 217 43
143 219 1
143 221 8
143 223 10
143 224 13
143 227 8
143 228 4
143 232 1
143 241 1
144 146 8
144 148 5
144 149 3
144 156 1
144 158 1
144 159 60
144 160 1
144 162 1
144 171 21
144 172 4
144 173 1
144 174 1
144 178 21
144 181 1
144 183 1
144 184 27
144 187 2
144 189 46
144 191 1
144 192 1
144 193 8
144 194 1
144 195 12
144 198 6
144 202 20
144 203 16
144 209 1
144 211 18
144 233 24
144 237 1
144 240 4
144 242 1
145 150 58
145 153 3
145 155 3
145 159 1
145 160 4
145 161 2
145 162 2
145 174 1
145 176 6
145 177 80
145 195 1
145 202 1
145 205 26
145 207 4
145 208 11
145 210 9
145 212 64
145 213 17
145 216 29
145 217 9
145 219 30
145 220 2
145 221 144
145 223 48
145 224 14
145 226 1
145 227 25
145 228 52
145 233 1
145 236 6
145 241 3
146 159 6
146 161 1
146 162 2
146 170 1
146 171 10
146 173 1
146 183 1
146 184 2
146 195 7
146 198 2
146 203 2
146 207 1
146 211 1
146 212 1
146 228 1
146 236 2
147 150 1
147 154 4
147 155 1
147 160 1
147 161 42
147 164 15
147 170 20
147 173 14
147 174 6
147 176 2
147 179 2
147 181 1
147 195 1
147 196 1
147 202 1
147 203 1
147 206 22
147 221 2
147 232 42
147 235 1
147 236 97
147 238 1
147 241 17
148 149 15
148 154 2
148 159 43
148 163 1
148 171 17
148 172 13
148 178 29
148 183 13
148 184 26
148 189 19
148 190 1
148 193 14
148 195 17
148 198 40
148 202 76
148 203 22
148 206 3
148 211 18
148 215 1
148 233 20
149 159 6
149 163 1
149 164 4
149 168 1
149 171 7
149 172 55
149 173 1
149 176 3
149 178 19
149 179 1
149 183 4
149 184 27
149 189 35
149 192 1
149 193 28
149 195 83
149 198 85
149 199 1
149 202 11
149 203 16
149 205 2
149 207 1
149 208 3
149 211 33
149 212 1
149 215 1
149 223 38
149 228 1
149 229 4
149 230 1
149 231 1
149 233 4
149 238 2
149 239 1
150 155 9
150 158 32
150 159 1
150 160 42
150 164 1
150 169 4
150 171 1
150 172 3
150 175 1
150 176 2
150 177 5
150 178 1
150 184 1
150 185 1
150 195 1
150 202 1
150 203 1
150 204 1
150 205 10
150 207 6
150 208 16
150 210 97
150 212 23
150 213 215
150 215 1
150 216 17
150 217 45
150 219 145
150 221 19
150 223 27
150 224 34
150 227 8
150 228 34
150 229 3
150 230 1
150 231 164
150 235 2
150 238 3
150 242 5
151 196 2
152 161 4
152 171 9
152 172 1
152 184 5
152 194 1
152 198 8
152 199 1
152 201 7
152 203 2
152 209 2
152 210 1
152 215 1
152 220 2
152 233 3
152 236 1
153 154 9
153 155 23
153 156 19
153 157 6
153 158 29
153 159 1
153 160 31
153 161 1
153 162 96
153 163 24
153 164 54
153 165 5
153 166 26
153 167 6
153 168 6
153 169 32
153 171 2
153 173 48
153 174 101
153 175 12
153 176 3
153 177 20
153 178 1
153 179 12
153 181 10
153 182 9
153 192 1
153 194 2
153 195 5
153 197 1
153 198 2
153 203 1
153 209 1
153 220 1
153 224 3
153 233 3
153 235 3
153 236 6
153 237 1
153 238 4
153 239 1
153 241 6
154 155 6
154 156 3
154 157 7
154 158 26
154 160 1
154 163 7
154 164 8
154 165 3
154 166 5
154 167 6
154 169 3
154 173 12
154 174 4
154 175 6
154 176 5
154 177 9
154 179 1
154 181 5
154 194 1
154 209 2
154 232 3
154 235 1
154 241 1
155 156 21
155 157 49
155 158 89
155 159 8
155 160 6
155 161 22
155 162 11
155 163 35
155 164 121
155 165 5
155 166 8
155 167 26
155 168 9
155 169 40
155 171 4
155 172 1
155 173 61
155 174 15
155 175 157
155 176 6
155 177 141
155 178 3
155 179 39
155 181 10
155 182 9
155 184 1
155 185 2
155 189 3
155 192 2
155 194 1
155 195 4
155 198 8
155 202 2
155 203 1
155 205 23
155 208 1
155 210 1
155 211 48
155 212 1
155 218 2
155 220 1
155 221 18
155 223 7
155 224 32
155 228 2
155 229 2
155 231 3
155 233 11
155 236 5
155 237 2
155 238 9
155 241 121
155 242 1
156 157 12
156 158 26
156 160 71
156 162 23
156 163 97
156 164 13
156 165 41
156 166 11
156 167 23
156 168 81
156 169 12
156 173 31
156 174 92
156 175 31
156 176 51
156 177 22
156 179 19
156 181 30
156 182 8
156 184 2
156 185 1
156 191 1
156 194 1
156 195 3
156 197 1
156 198 4
156 200 1
156 202 1
156 204 2
156 208 1
156 209 2
156 211 3
156 215 1
156 220 1
156 221 1
156 222 1
156 226 2
156 231 1
156 235 2
156 239 1
157 158 6
157 160 9
157 162 24
157 164 114
157 165 31
157 166 5
157 167 8
157 168 5
157 169 4
157 173 5
157 174 3
157 175 4
157 176 6
157 177 3
157 179 79
157 181 20
157 183 1
157 204 1
157 223 1
157 230 1
157 233 1
158 159 1
158 160 14
158 162 21
158 163 52
158 164 11
158 165 7
158 166 7
158 167 8
158 168 21
158 169 9
158 171 3
158 173 99
158 174 11
158 175 45
158 176 10
158 177 17
158 178 2
158 179 9
158 181 6
158 182 7
158 184 2
158 185 4
158 187 1
158 189 2
158 191 1
158 192 1
158 193 2
158 194 1
158 195 2
158 198 3
158 200 1
158 201 5
158 205 38
158 208 1
158 209 1
158 210 20
158 211 3
158 212 6
158 215 1
158 220 1
158 221 1
158 223 2
158 224 3
158 228 22
158 229 1
158 231 67
158 232 1
158 233 3
158 235 54
158 236 5
158 237 1
158 238 1
158 240 1
158 241 7
158 242 1
159 161 1
159 164 1
159 171 16
159 172 11
159 173 1
159 175 1
159 177 1
159 178 35
159 183 1
159 184 8
159 187 1
159 189 58
159 190 3
159 193 9
159 194 1
159 195 26
159 198 73
159 199 1
159 201 1
159 202 37
159 203 13
159 204 1
159 205 1
159 206 4
159 211 26
159 220 1
159 221 47
159 224 2
159 229 8
159 231 8
159 232 1
159 233 37
159 237 1
159 240 2
159 241 1
160 161 7
160 162 4
160 163 8
160 164 26
160 165 44
160 166 23
160 167 43
160 168 39
160 169 10
160 170 1
160 171 2
160 172 1
160 173 19
160 174 25
160 175 9
160 176 5
160 177 106
160 178 1
160 179 14
160 180 1
160 181 20
160 182 16
160 194 1
160 195 1
160 198 2
160 202 10
160 203 1
160 205 1
160 206 1
160 208 2
160 212 8
160 221 1
160 228 3
160 229 15
160 235 20
160 236 20
160 237 2
160 238 1
161 163 1
161 164 1
161 166 2
161 168 3
161 170 52
161 171 1
161 174 1
161 176 1
161 177 3
161 178 2
161 180 5
161 190 2
161 194 2
161 199 2
161 201 4
161 204 8
161 205 1
161 207 4
161 208 1
161 209 2
161 212 1
161 215 6
161 220 4
161 223 4
161 224 56
161 226 2
161 227 1
161 229 5
161 231 1
161 232 235
161 235 4
161 236 47
161 237 33
161 238 1
161 240 5
161 241 52
161 242 2
162 163 38
162 164 8
162 165 48
162 166 193
162 167 23
162 168 6
162 169 6
162 173 22
162 174 48
162 175 11
162 176 33
162 177 24
162 178 2
162 179 15
162 181 21
162 182 1
162 191 1
162 200 1
162 201 1
162 202 1
162 203 1
162 205 1
162 212 2
162 223 4
162 224 3
162 228 1
162 229 2
162 233 1
162 235 2
162 236 2
162 238 1
162 241 4
163 164 17
163 165 1
163 166 2
163 167 19
163 168 36
163 169 3
163 171 59
163 172 3
163 173 11
163 174 127
163 175 16
163 176 26
163 177 13
163 179 4
163 181 13
163 184 1
163 185 1
163 187 1
163 189 1
163 195 16
163 197 1
163 198 1
163 201 1
163 202 33
163 203 4
163 205 5
163 208 45
163 211 1
163 212 1
163 215 1
163 221 3
163 222 1
163 223 1
163 224 2
163 226 1
163 231 2
163 233 3
163 235 12
163 238 65
163 241 2
164 165 19
164 166 6
164 167 12
164 168 7
164 169 36
164 171 7
164 172 21
164 173 56
164 174 15
164 175 11
164 176 83
164 177 26
164 178 1
164 179 51
164 181 66
164 183 1
164 184 2
164 189 1
164 193 3
164 195 1
164 198 8
164 200 1
164 202 3
164 203 36
164 204 2
164 209 1
164 210 1
164 211 4
164 215 8
164 221 1
164 224 1
164 228 1
164 229 1
164 230 1
164 231 3
164 233 1
164 234 2
164 235 5
164 236 1
164 238 1
164 241 4
164 242 11
165 166 10
165 167 23
165 168 6
165 169 10
165 173 6
165 174 8
165 175 1
165 176 16
165 177 7
165 179 13
165 181 10
165 182 1
165 230 1
165 241 1
166 167 46
166 168 67
166 169 8
166 170 2
166 171 1
166 172 2
166 173 22
166 174 49
166 175 14
166 176 9
166 177 18
166 178 25
166 179 6
166 181 62
166 182 4
166 189 2
166 195 1
166 206 1
166 209 1
166 215 1
166 224 2
166 226 3
166 229 23
166 233 23
166 236 1
166 239 1
166 240 1
167 168 103
167 169 11
167 171 1
167 173 7
167 174 10
167 175 15
167 176 17
167 177 14
167 179 14
167 181 12
167 182 18
167 184 1
167 185 1
167 211 1
167 220 1
167 230 1
167 235 2
167 241 3
168 169 6
168 173 21
168 174 48
168 175 20
168 176 75
168 177 21
168 179 10
168 181 10
168 182 6
168 185 4
168 187 1
168 194 4
168 195 9
168 197 1
168 198 1
168 201 2
168 202 1
168 205 2
168 209 5
168 214 2
168 218 1
168 220 1
168 223 1
168 224 3
168 226 4
168 229 1
168 233 3
168 235 1
168 236 1
169 171 6
169 173 9
169 174 6
169 175 49
169 176 7
169 177 32
169 179 16
169 181 8
169 182 4
169 193 2
169 198 4
169 202 5
169 203 1
169 211 4
169 221 1
169 224 2
169 229 4
169 231 4
169 233 1
169 235 1
169 237 1
169 241 1
170 175 1
170 207 1
170 208 1
170 221 1
170 231 1
170 232 8
170 233 1
170 236 2
170 239 2
170 241 144
170 242 2
171 172 3
171 173 3
171 175 1
171 178 30
171 181 2
171 183 3
171 184 32
171 185 1
171 189 6
171 190 2
171 193 15
171 194 23
171 195 30
171 198 229
171 199 45
171 201 2
171 202 21
171 203 25
171 204 1
171 205 3
171 208 3
171 209 7
171 210 1
171 211 13
171 215 2
171 220 3
171 221 5
171 223 1
171 224 1
171 226 5
171 229 5
171 232 1
171 233 50
171 235 6
171 236 1
171 238 3
171 239 1
172 173 1
172 176 2
172 177 1
172 178 12
172 179 1
172 183 1
172 184 8
172 189 21
172 192 1
172 193 122
172 195 12
172 198 35
172 202 8
172 203 96
172 205 3
172 208 2
172 211 126
172 215 1
172 223 16
172 228 2
172 229 1
172 231 7
172 232 1
172 233 5
172 235 2
172 236 1
172 238 2
173 174 97
173 175 44
173 176 14
173 177 47
173 179 49
173 181 33
173 182 6
173 183 1
173 189 2
173 192 1
173 195 1
173 197 1
173 198 1
173 200 2
173 209 1
173 211 1
173 222 2
173 225 1
173 229 1
173 232 1
173 233 1
173 236 2
173 237 1
173 238 1
173 240 1
174 175 5
174 176 9
174 177 29
174 178 2
174 179 20
174 181 6
174 182 2
174 198 1
174 200 1
174 205 1
174 206 1
174 214 1
174 222 1
174 226 1
174 235 2
174 236 2
174 238 1
174 242 1
175 176 13
175 177 60
175 179 67
175 181 6
175 182 2
175 189 2
175 192 2
175 194 1
175 195 2
175 198 3
175 201 1
175 205 3
175 211 1
175 212 1
175 225 1
175 229 1
175 231 1
175 232 6
175 235 4
175 238 2
175 240 1
175 242 1
176 177 8
176 178 3
176 179 6
176 181 11
176 182 2
176 195 6
176 200 1
176 201 3
176 202 3
176 203 7
176 204 1
176 205 33
176 208 9
176 210 1
176 211 4
176 212 1
176 215 7
176 221 2
176 224 11
176 229 4
176 233 4
176 234 1
176 235 7
176 236 4
176 238 14
176 241 9
176 242 18
177 179 19
177 181 30
177 182 4
177 193 3
177 195 1
177 198 1
177 205 1
177 208 1
177 221 1
177 223 1
177 224 2
177 228 1
177 233 1
177 235 1
177 236 5
178 179 1
178 181 1
178 183 28
178 184 20
178 189 27
178 193 17
178 195 75
178 198 29
178 202 58
178 203 16
178 204 2
178 205 20
178 206 1
178 208 2
178 211 85
178 212 1
178 215 1
178 218 1
178 221 4
178 224 4
178 228 3
178 229 9
178 231 2
178 233 61
178 235 4
178 236 2
178 238 2
178 240 1
179 181 49
179 182 1
179 189 1
179 190 1
179 200 2
179 204 1
179 211 1
179 218 1
179 221 1
179 224 1
180 185 42
180 190 11
180 195 1
180 199 1
180 201 35
180 204 18
180 205 2
180 209 1
180 215 14
180 224 1
180 229 1
180 236 4
181 182 5
181 185 1
181 188 1
181 189 1
181 191 2
181 197 2
181 198 3
181 199 1
181 200 2
181 202 1
181 203 3
181 204 1
181 208 1
181 209 1
181 211 1
181 218 2
181 220 1
181 225 1
181 226 1
181 238 2
181 242 1
182 202 3
182 205 1
183 184 4
183 189 5
183 193 82
183 195 4
183 198 17
183 202 40
183 203 8
183 206 1
183 211 61
183 215 1
183 233 3
184 189 3
184 193 4
184 195 91
184 198 28
184 202 19
184 203 43
184 205 42
184 207 1
184 210 2
184 211 108
184 215 1
184 224 2
184 226 1
184 233 7
184 238 6
185 186 176
185 187 10
185 191 9
185 192 2
185 194 104
185 195 1
185 197 15
185 198 1
185 199 16
185 200 9
185 201 86
185 202 1
185 204 61
185 206 1
185 209 15
185 214 6
185 215 25
185 218 17
185 220 3
185 222 23
185 225 10
185 226 8
185 233 1
185 234 2
185 240 1
186 187 2
186 188 3
186 191 3
186 192 3
186 194 8
186 197 1
186 199 15
186 200 1
186 204 38
186 209 8
186 214 3
186 215 6
186 218 2
186 222 1
186 225 1
186 226 1
187 188 3
187 191 8
187 192 51
187 194 1
187 197 2
187 200 22
187 203 1
187 204 5
187 214 13
187 215 8
187 218 34
187 220 4
187 222 8
187 225 9
187 226 9
187 234 1
188 189 1
188 191 4
188 192 9
188 194 7
188 197 8
188 199 22
188 200 3
188 204 5
188 209 9
188 214 4
188 215 1
188 218 131
188 220 2
188 222 1
188 225 1
188 226 52
189 193 27
189 194 1
189 195 13
189 198 20
189 202 17
189 203 13
189 209 1
189 210 1
189 211 12
189 215 1
189 218 1
189 228 2
189 233 31
189 237 3
189 240 5
190 194 8
190 199 5
190 201 14
190 204 2
190 209 3
190 224 1
190 226 2
190 232 1
191 192 7
191 194 18
191 197 25
191 199 7
191 200 8
191 204 3
191 209 3
191 214 15
191 215 5
191 218 19
191 220 16
191 222 5
191 225 5
191 226 51
191 240 1
192 193 1
192 194 15
192 197 19
192 198 1
192 199 3
192 200 24
192 204 4
192 209 19
192 214 64
192 215 6
192 218 11
192 220 8
192 222 6
192 225 10
192 226 34
192 234 5
192 235 1
193 195 10
193 198 161
193 202 51
193 203 13
193 211 10
193 213 1
193 218 1
193 219 2
193 231 3
193 232 2
193 233 4
194 195 1
194 197 17
194 198 25
194 199 54
194 200 8
194 201 2
194 202 2
194 203 1
194 204 32
194 205 1
194 209 356
194 211 1
194 214 5
194 215 41
194 218 4
194 220 6
194 222 13
194 225 8
194 226 241
194 228 2
194 234 5
194 236 1
195 198 38
195 201 3
195 202 20
195 203 67
195 204 1
195 205 10
195 208 5
195 209 1
195 211 42
195 215 1
195 223 63
195 224 5
195 228 1
195 229 2
195 230 1
195 231 1
195 233 21
195 235 15
195 236 3
195 238 17
195 242 2
197 199 8
197 200 8
197 203 1
197 204 9
197 209 45
197 214 33
197 215 5
197 218 14
197 220 5
197 222 167
197 225 6
197 226 19
197 234 12
198 199 12
198 200 1
198 201 1
198 202 33
198 203 12
198 205 7
198 207 1
198 208 4
198 209 7
198 211 48
198 212 1
198 218 1
198 220 1
198 221 41
198 224 1
198 226 8
198 228 1
198 229 3
198 232 1
198 233 11
198 235 4
198 236 2
198 238 4
199 200 3
199 201 1
199 204 39
199 209 37
199 214 14
199 215 7
199 218 1
199 220 12
199 222 4
199 223 1
199 224 1
199 225 10
199 226 29
199 231 1
199 234 89
199 235 1
200 204 2
200 209 4
200 214 104
200 215 12
200 218 8
200 220 3
200 222 16
200 225 7
200 226 9
200 234 5
200 235 1
201 204 44
201 207 1
201 215 6
201 226 2
201 232 1
201 235 1
201 236 3
201 238 2
201 241 2
202 203 8
202 205 2
202 206 6
202 208 22
202 211 11
202 212 53
202 221 1
202 224 2
202 229 74
202 233 308
202 235 52
202 238 49
203 205 3
203 208 3
203 210 1
203 211 54
203 212 3
203 215 1
203 218 1
203 220 1
203 221 2
203 223 69
203 228 4
203 229 3
203 231 6
203 233 11
203 235 6
203 236 7
203 238 7
204 208 2
204 209 53
204 211 1
204 214 4
204 215 120
204 218 27
204 220 3
204 222 9
204 224 4
204 225 13
204 226 5
204 229 1
204 234 3
204 235 3
205 206 32
205 207 20
205 208 166
205 209 1
205 210 13
205 211 2
205 212 61
205 213 1
205 215 10
205 216 15
205 217 20
205 219 6
205 221 30
205 223 54
205 224 46
205 227 9
205 228 5
205 229 6
205 231 4
205 232 3
205 233 4
205 235 65
205 236 4
205 238 43
205 241 1
205 242 1
206 208 1
206 212 1
206 213 1
206 219 4
206 221 2
206 224 81
206 225 2
206 226 1
206 229 87
206 230 13
206 231 19
206 233 8
206 235 43
206 236 1
206 237 22
206 238 70
206 239 36
206 240 48
206 242 37
207 208 8
207 210 2
207 212 6
207 213 1
207 216 3
207 217 14
207 219 2
207 221 14
207 223 36
207 224 12
207 227 7
207 228 2
208 210 5
208 211 1
208 212 4
208 213 14
208 216 95
208 217 6
208 219 45
208 221 17
208 223 4
208 224 78
208 226 1
208 227 11
208 228 5
208 229 2
208 231 4
208 233 3
208 235 13
208 238 96
209 214 9
209 215 125
209 218 6
209 220 10
209 222 1
209 226 217
209 229 1
209 233 1
209 234 14
210 212 39
210 213 2
210 216 16
210 217 5
210 219 1
210 221 12
210 223 15
210 224 26
210 227 1
210 228 37
210 231 112
210 235 1
210 236 1
210 238 1
210 242 7
211 221 31
211 224 1
211 228 1
211 229 1
211 233 6
211 235 6
211 236 2
211 238 3
211 239 1
211 242 1
212 213 1
212 216 14
212 217 7
212 219 2
212 221 23
212 223 248
212 224 38
212 227 26
212 228 12
212 229 53
212 231 5
212 235 117
212 236 1
212 238 6
212 241 2
212 242 33
213 216 1
213 217 5
213 219 104
213 221 10
213 223 3
213 224 4
213 227 7
213 228 2
213 232 1
214 215 31
214 218 46
214 220 1
214 222 30
214 225 9
214 226 16
215 218 10
215 220 4
215 222 23
215 223 1
215 224 5
215 225 4
215 226 7
215 231 1
215 234 4
215 238 1
216 217 93
216 219 6
216 221 12
216 223 25
216 224 53
216 227 3
216 228 22
216 236 2
217 219 12
217 221 8
217 223 6
217 224 225
217 227 4
217 228 10
218 220 4
218 222 8
218 225 7
218 226 63
218 229 1
218 237 1
218 240 1
219 221 5
219 223 4
219 224 10
219 227 85
219 228 4
219 235 1
219 238 1
220 222 4
220 225 5
220 226 13
220 233 1
220 234 53
220 237 1
221 223 42
221 224 35
221 226 1
221 227 14
221 228 16
221 229 2
221 231 1
221 232 1
221 233 1
221 235 18
221 236 1
221 238 1
221 241 1
221 242 1
222 225 32
222 234 12
223 224 33
223 227 5
223 228 22
223 229 2
223 231 6
223 233 1
223 235 6
223 238 14
223 241 5
223 242 43
224 227 20
224 228 246
224 229 5
224 230 1
224 231 2
224 232 1
224 233 1
224 235 40
224 236 9
224 238 54
224 241 63
224 242 2
225 229 1
225 237 1
226 231 1
226 233 1
226 234 9
226 239 2
227 228 3
228 231 39
228 233 1
228 235 1
228 236 3
228 238 1
228 241 1
228 242 6
229 230 21
229 231 22
229 233 42
229 235 141
229 237 17
229 238 21
229 239 8
229 240 54
229 241 2
229 242 16
230 231 32
230 235 9
230 237 8
230 238 15
230 239 73
230 240 5
230 242 13
231 232 1
231 235 62
231 236 2
231 237 13
231 238 33
231 239 26
231 240 21
231 242 34
232 233 1
232 236 51
232 237 1
232 241 8
233 235 4
233 238 3
233 241 1
235 236 2
235 237 26
235 238 106
235 239 23
235 240 25
235 242 18
236 238 4
236 241 8
236 242 1
237 238 5
237 239 9
237 240 49
237 242 72
238 239 8
238 240 42
238 241 1
238 242 38
239 240 15
239 242 20
240 242 9
241 242 1
