%%MatrixMarket matrix coordinate real general
92 92 755
1 4 2
1 15 80
1 25 37
1 46 8
1 49 41
1 52 1
1 66 4
2 3 2
2 7 8
2 8 8
2 11 9
2 13 4
2 16 2
2 17 13
2 28 5
2 34 6
2 41 3
2 60 13
2 66 1
2 77 5
2 79 4
2 85 14
2 89 7
3 4 1
3 7 6
3 11 22
3 13 1
3 16 22
3 29 4
3 34 2
3 40 2
3 41 2
3 49 1
3 61 1
3 72 1
3 85 1
3 89 2
4 6 26
4 9 6
4 12 1
4 15 32
4 19 4
4 20 1
4 23 7
4 24 1
4 25 2
4 38 2
4 44 1
4 45 4
4 46 1
4 52 1
4 54 1
4 59 2
4 66 2
4 69 3
4 73 6
4 81 22
4 84 2
4 86 7
5 37 1
5 42 5
5 49 1
5 50 1
5 51 13
5 53 5
5 56 1
5 75 1
5 80 3
5 85 1
5 87 15
5 88 1
6 12 7
6 14 2
6 15 11
6 19 40
6 22 4
6 23 22
6 25 5
6 35 6
6 36 1
6 38 39
6 40 11
6 45 1
6 46 1
6 48 3
6 49 1
6 52 3
6 55 1
6 66 3
6 73 29
6 75 2
6 76 1
6 81 6
6 85 1
6 86 4
7 8 3
7 11 33
7 13 2
7 27 1
7 28 3
7 34 5
7 41 26
7 59 1
7 61 1
7 85 4
7 89 3
8 13 22
8 17 34
8 22 6
8 26 34
8 28 21
8 34 2
8 41 3
8 47 5
8 51 2
8 57 1
8 58 2
8 59 97
8 60 4
8 77 10
8 79 23
8 82 3
8 85 11
8 87 1
8 89 31
9 15 3
9 17 2
9 18 1
9 27 101
9 31 1
9 33 1
9 35 1
9 38 4
9 40 7
9 51 1
9 52 5
9 55 2
9 59 4
9 61 4
9 80 1
9 83 2
9 84 2
9 85 1
9 86 8
9 91 29
10 14 1
10 15 1
10 18 2
10 20 47
10 24 4
10 27 1
10 29 42
10 30 22
10 31 17
10 32 1
10 40 1
10 44 2
10 45 1
10 46 1
10 47 1
10 52 1
10 54 4
10 61 1
10 62 1
10 63 337
10 64 74
10 67 12
10 70 27
10 71 3
10 73 1
10 74 129
10 78 1
10 81 1
11 17 7
11 34 1
11 39 1
11 41 5
11 85 1
12 15 2
12 17 1
12 24 41
12 25 40
12 27 23
12 31 1
12 35 1
12 39 1
12 45 31
12 49 9
12 52 1
12 57 1
12 58 1
12 59 2
12 70 1
12 73 1
12 78 1
12 85 6
12 87 1
13 15 1
13 16 1
13 17 5
13 21 1
13 28 1
13 30 1
13 33 1
13 43 1
13 44 1
13 45 27
13 46 1
13 47 2
13 49 1
13 50 1
13 57 1
13 58 9
13 59 11
13 60 2
13 61 1
13 65 5
13 73 2
13 77 1
13 78 24
13 79 2
13 85 3
13 87 1
13 89 10
14 51 7
14 89 1
15 19 1
15 20 1
15 21 6
15 23 25
15 25 100
15 33 2
15 35 2
15 38 50
15 40 4
15 45 15
15 46 5
15 48 2
15 49 8
15 51 3
15 52 5
15 59 98
15 65 1
15 66 2
15 72 7
15 73 13
15 78 2
15 79 3
15 83 1
15 86 6
15 91 4
16 17 1
16 28 1
16 34 249
16 41 1
16 49 1
16 61 4
16 68 76
16 73 1
16 85 1
16 89 13
17 26 31
17 34 5
17 46 1
17 47 2
17 54 1
17 60 6
17 62 1
17 71 1
17 77 3
17 79 2
17 85 24
17 89 3
18 19 160
18 35 20
18 47 1
18 52 4
18 57 1
18 69 29
18 81 1
18 85 1
19 23 2
19 33 1
19 35 2
19 38 20
19 46 1
19 48 5
19 66 1
19 69 6
19 73 1
19 81 1
19 91 8
20 25 1
20 28 1
20 29 1
20 43 8
20 45 1
20 51 4
20 52 1
20 59 2
20 60 5
20 63 2
20 74 6
20 76 2
20 77 5
20 79 1
20 80 3
20 87 1
21 32 1
21 36 11
21 41 2
21 53 1
21 59 6
21 79 2
21 85 7
22 27 2
22 28 1
22 29 1
22 31 2
22 41 1
22 43 1
22 47 7
22 57 14
22 60 7
22 61 1
22 62 24
22 64 1
22 67 2
22 70 44
22 77 8
22 79 9
22 80 1
22 85 22
22 89 2
23 27 16
23 33 25
23 35 1
23 38 29
23 39 13
23 40 1
23 46 1
23 49 6
23 51 1
23 52 1
23 59 2
23 65 194
23 72 3
23 73 7
23 78 14
23 81 3
23 86 42
23 92 4
24 30 16
24 31 65
24 32 1
24 50 3
24 54 15
24 62 7
24 70 54
24 74 1
25 29 22
25 30 2
25 32 40
25 33 5
25 36 3
25 38 1
25 45 5
25 46 62
25 49 298
25 50 1
25 54 1
25 56 1
25 59 13
25 60 1
25 64 1
25 70 1
25 75 2
25 78 1
25 85 1
25 88 13
26 29 18
26 36 1
26 37 1
26 40 1
26 48 2
26 50 3
26 54 1
26 56 1
26 59 3
26 76 1
26 80 2
26 85 7
26 87 6
26 88 18
26 89 1
27 32 6
27 33 7
27 38 15
27 53 1
27 66 1
27 72 2
27 73 4
27 81 1
28 34 2
28 36 16
28 41 1
28 47 4
28 49 2
28 51 1
28 52 1
28 53 1
28 57 1
28 58 27
28 59 2
28 61 21
28 65 1
28 66 2
28 69 1
28 73 1
28 74 1
28 76 39
28 77 6
28 78 3
28 82 27
28 85 4
28 89 19
29 30 9
29 31 21
29 39 1
29 41 1
29 44 1
29 46 1
29 54 49
29 58 2
29 62 1
29 63 8
29 67 10
29 70 145
29 71 23
29 74 40
29 77 7
29 85 39
30 31 17
30 40 1
30 54 737
30 62 2
30 63 1
30 64 103
30 67 2
30 70 9
30 71 60
30 72 1
30 74 8
30 91 1
30 92 2
31 35 1
31 45 1
31 54 14
31 58 1
31 63 4
31 64 8
31 67 28
31 70 1
31 74 2
31 91 1
32 33 4
32 49 30
32 52 3
32 59 2
32 70 1
32 72 9
32 92 5
33 39 12
33 59 15
33 72 1
33 81 5
33 86 2
33 89 1
33 92 4
34 41 5
34 45 2
34 60 1
34 85 5
34 89 2
35 38 2
35 45 1
35 46 1
35 59 1
35 69 9
35 73 2
35 85 24
35 87 1
36 37 3
36 38 1
36 39 1
36 46 1
36 49 10
36 50 5
36 51 15
36 52 1
36 53 60
36 56 2
36 75 1
36 76 196
36 80 51
36 85 12
36 87 3
36 88 9
37 51 19
37 56 15
37 76 2
37 80 10
38 48 1
38 51 1
38 59 104
38 66 2
38 73 17
38 78 42
38 81 1
38 83 28
38 85 27
38 91 3
38 92 1
39 40 5
39 45 2
39 46 29
39 52 2
39 59 10
39 70 1
39 81 1
39 86 7
39 87 1
39 91 10
39 92 1
40 46 10
40 52 57
40 58 2
40 59 34
40 66 25
40 73 5
40 86 4
40 91 7
41 42 1
41 57 1
41 58 1
41 76 1
41 79 1
41 85 4
41 89 5
42 80 1
42 87 1
43 44 28
43 45 1
43 51 5
43 52 13
43 53 1
43 56 1
43 59 1
43 60 1
43 66 1
43 73 1
43 76 2
43 77 2
43 80 31
43 85 2
43 87 1
44 46 1
44 59 2
45 46 13
45 52 146
45 53 11
45 54 1
45 57 2
45 59 5
45 61 1
45 66 16
45 71 3
45 73 1
45 78 1
45 87 2
46 49 2
46 52 5
46 59 28
46 62 1
46 65 1
46 66 74
46 71 1
46 73 17
46 84 9
46 86 24
46 91 12
47 50 1
47 51 1
47 57 1
47 58 4
47 61 19
47 77 1
47 85 25
47 90 8
48 59 3
49 50 2
49 65 1
50 51 3
50 53 17
50 56 30
50 59 6
50 65 1
50 68 2
50 74 2
50 75 7
50 80 2
50 85 11
50 87 23
50 89 1
51 53 7
51 56 1
51 58 1
51 60 1
51 61 2
51 75 93
51 76 39
51 81 1
51 85 15
51 87 77
51 89 1
52 55 1
52 59 23
52 66 16
52 69 2
52 72 3
52 73 1
52 91 2
53 56 7
53 76 85
53 80 23
53 85 30
53 87 9
53 88 11
54 62 4
54 63 4
54 64 97
54 67 9
54 70 21
54 71 114
54 74 17
54 78 1
55 72 1
56 75 49
56 76 1
56 80 142
56 85 1
56 87 32
56 88 1
57 58 1
57 59 5
57 60 4
57 61 31
57 66 1
57 77 1
57 85 17
57 87 1
57 88 5
57 89 1
58 61 21
58 63 3
58 77 7
58 89 42
59 60 2
59 63 1
59 66 78
59 73 39
59 78 1
59 79 2
59 83 6
59 85 3
59 86 9
59 87 1
59 91 4
60 68 1
60 77 26
60 79 19
60 85 1
60 89 1
61 80 4
61 82 7
61 89 2
61 90 2
62 63 25
62 64 1
62 67 2
62 70 14
62 72 1
62 87 1
62 91 1
63 67 1
63 70 3
63 74 31
63 76 2
64 67 1
64 71 41
64 90 1
65 78 28
65 83 1
66 73 4
66 83 3
66 85 1
66 86 3
66 92 1
67 70 7
67 71 1
68 77 7
68 79 2
68 85 24
70 71 20
70 74 9
71 74 22
72 84 4
73 76 1
73 79 1
73 81 2
73 86 9
73 87 1
73 91 4
75 80 2
75 82 5
75 87 9
76 80 19
76 85 9
76 87 3
76 89 1
77 79 15
77 82 5
77 85 3
77 89 7
78 83 64
78 85 3
78 87 1
79 82 1
80 85 10
80 87 11
80 88 6
80 89 50
81 86 16
81 91 1
81 92 1
82 85 3
82 89 3
85 87 3
85 88 10
85 89 26
85 90 9
86 91 9
86 92 5
87 92 1
89 90 1
