%%MatrixMarket matrix coordinate real general
131 131 10248
1 2 138
1 3 172
1 4 249
1 5 372
1 6 71
1 7 186
1 8 946
1 9 353
1 10 266
1 11 289
1 12 204
1 13 538
1 14 226
1 15 362
1 16 106
1 17 191
1 18 1268
1 19 97
1 20 59
1 21 211
1 22 258
1 23 255
1 24 25
1 25 309
1 26 411
1 27 73
1 28 345
1 29 122
1 30 319
1 31 38
1 32 772
1 33 296
1 34 187
1 35 274
1 36 305
1 37 288
1 38 71
1 39 148
1 40 227
1 41 163
1 42 183
1 43 116
1 44 303
1 45 288
1 46 117
1 47 191
1 48 229
1 49 289
1 50 144
1 51 198
1 52 229
1 53 445
1 54 69
1 55 283
1 56 282
1 57 134
1 58 177
1 59 350
1 60 247
1 61 369
1 62 312
1 63 88
1 64 220
1 65 376
1 66 313
1 67 379
1 68 376
1 69 237
1 70 130
1 71 259
1 72 41
1 73 428
1 74 285
1 75 280
1 76 62
1 77 305
1 78 266
1 79 391
1 80 482
1 81 109
1 82 254
1 83 176
1 84 106
1 85 268
1 86 182
1 87 299
1 88 81
1 89 231
1 90 152
1 91 785
1 92 208
1 93 124
1 94 478
1 95 75
1 96 81
1 97 214
1 98 108
1 99 325
1 100 128
1 101 243
1 102 95
1 103 277
1 104 404
1 105 164
1 106 317
1 107 495
1 108 664
1 109 125
1 110 215
1 111 207
1 112 171
1 113 197
1 114 102
1 115 206
1 116 312
1 117 185
1 118 37
1 119 63
1 120 69
1 121 28
1 122 62
1 123 367
1 124 247
1 125 39
1 126 111
1 127 89
1 128 80
1 129 193
1 130 21
1 131 14
2 3 73
2 4 77
2 5 70
2 6 44
2 7 72
2 8 49
2 9 81
2 10 142
2 11 62
2 12 22
2 13 219
2 14 109
2 15 163
2 16 42
2 17 59
2 18 43
2 19 49
2 20 77
2 21 23
2 22 97
2 23 169
2 24 27
2 25 85
2 26 20
2 27 15
2 28 101
2 29 120
2 30 29
2 31 26
2 32 66
2 33 89
2 34 100
2 35 41
2 36 75
2 37 55
2 38 13
2 39 202
2 40 154
2 41 19
2 42 45
2 43 26
2 44 173
2 45 57
2 46 9
2 47 33
2 48 169
2 49 28
2 50 37
2 51 72
2 52 47
2 53 116
2 54 5
2 55 208
2 56 58
2 57 41
2 58 226
2 59 53
2 60 26
2 61 267
2 62 101
2 63 57
2 64 15
2 65 154
2 66 224
2 67 119
2 68 116
2 69 28
2 70 108
2 71 61
2 72 5
2 73 119
2 74 327
2 75 117
2 76 3
2 77 139
2 78 147
2 79 54
2 80 163
2 81 26
2 82 92
2 83 158
2 84 11
2 85 124
2 86 79
2 87 210
2 88 265
2 89 123
2 90 45
2 91 19
2 92 18
2 93 14
2 94 50
2 95 28
2 96 5
2 97 159
2 98 2
2 99 250
2 100 74
2 101 305
2 102 16
2 103 208
2 104 90
2 105 260
2 106 166
2 107 31
2 108 109
2 109 15
2 110 100
2 111 202
2 112 224
2 113 103
2 114 7
2 115 139
2 116 83
2 117 181
2 118 63
2 119 7
2 120 53
2 121 45
2 122 6
2 123 11
2 124 13
2 125 3
2 126 6
2 127 12
2 128 69
2 129 19
2 130 3
2 131 9
3 2 34
3 4 87
3 5 145
3 6 45
3 7 53
3 8 123
3 9 93
3 10 206
3 11 59
3 12 29
3 13 651
3 14 303
3 15 311
3 16 94
3 17 139
3 18 65
3 19 90
3 20 132
3 21 21
3 22 219
3 23 295
3 24 34
3 25 193
3 26 18
3 27 6
3 28 197
3 29 141
3 30 38
3 31 70
3 32 90
3 33 225
3 34 192
3 35 19
3 36 223
3 37 183
3 38 7
3 39 198
3 40 356
3 41 53
3 42 15
3 43 31
3 44 433
3 45 39
3 46 15
3 47 20
3 48 140
3 49 50
3 50 21
3 51 67
3 52 36
3 53 116
3 54 21
3 55 246
3 56 68
3 57 87
3 58 231
3 59 39
3 60 17
3 61 439
3 62 140
3 63 54
3 64 15
3 65 154
3 66 547
3 67 130
3 68 125
3 69 9
3 70 131
3 71 239
3 72 11
3 73 169
3 74 318
3 75 107
3 76 5
3 77 190
3 78 318
3 79 38
3 80 179
3 81 20
3 82 277
3 83 192
3 85 210
3 86 83
3 87 323
3 88 212
3 89 182
3 90 51
3 91 23
3 92 19
3 93 11
3 94 31
3 95 85
3 96 3
3 97 339
3 98 8
3 99 267
3 100 79
3 101 287
3 102 5
3 103 303
3 104 206
3 105 242
3 106 248
3 107 31
3 108 127
3 109 8
3 110 128
3 111 310
3 112 340
3 113 89
3 114 12
3 115 136
3 116 168
3 117 328
3 118 47
3 119 10
3 120 82
3 121 99
3 122 16
3 123 20
3 124 22
3 125 2
3 126 4
3 127 8
3 128 76
3 129 19
3 130 3
3 131 2
4 5 145
4 6 36
4 7 87
4 8 174
4 9 151
4 10 103
4 11 59
4 12 200
4 13 217
4 14 74
4 15 116
4 16 126
4 17 76
4 18 276
4 19 65
4 20 120
4 21 305
4 22 74
4 23 92
4 24 25
4 25 88
4 26 394
4 27 307
4 28 137
4 29 55
4 30 289
4 31 98
4 32 237
4 33 119
4 34 106
4 35 123
4 36 107
4 37 70
4 38 73
4 39 125
4 40 134
4 41 145
4 42 129
4 43 211
4 44 160
4 45 228
4 46 324
4 47 99
4 48 149
4 49 129
4 50 245
4 51 108
4 52 194
4 53 185
4 54 136
4 55 198
4 56 87
4 57 170
4 58 136
4 59 213
4 60 196
4 61 195
4 62 112
4 63 110
4 64 320
4 65 198
4 66 197
4 67 74
4 68 118
4 69 348
4 70 89
4 71 91
4 72 139
4 73 143
4 74 121
4 75 69
4 76 564
4 77 110
4 78 84
4 79 136
4 80 128
4 81 129
4 82 104
4 83 104
4 84 118
4 85 162
4 86 119
4 87 92
4 88 68
4 89 91
4 90 184
4 91 224
4 92 283
4 93 95
4 94 277
4 95 101
4 96 230
4 97 110
4 98 261
4 99 128
4 100 117
4 101 91
4 102 344
4 103 110
4 104 193
4 105 107
4 106 104
4 107 113
4 108 180
4 109 114
4 110 107
4 111 106
4 112 111
4 113 94
4 114 177
4 115 86
4 116 140
4 117 93
4 118 87
4 119 462
4 120 107
4 121 59
4 122 275
4 123 309
4 124 287
4 125 298
4 126 424
4 127 242
4 128 111
4 129 152
4 130 410
4 131 1106
5 2 5
5 3 4
5 6 87
5 7 234
5 8 387
5 9 172
5 10 135
5 11 268
5 12 106
5 13 231
5 14 112
5 15 132
5 16 100
5 17 139
5 18 422
5 19 103
5 20 56
5 21 198
5 22 95
5 23 175
5 24 19
5 25 133
5 26 158
5 27 62
5 28 236
5 29 33
5 30 247
5 31 62
5 32 330
5 33 232
5 34 244
5 35 278
5 36 135
5 37 186
5 38 42
5 39 58
5 40 101
5 41 208
5 42 189
5 43 107
5 44 220
5 45 167
5 46 137
5 47 158
5 48 209
5 49 310
5 50 231
5 51 160
5 52 198
5 53 341
5 54 68
5 55 132
5 56 213
5 57 114
5 58 148
5 59 400
5 60 230
5 61 200
5 62 367
5 63 51
5 64 181
5 65 274
5 66 37
5 67 300
5 68 270
5 69 83
5 70 64
5 71 267
5 72 34
5 73 212
5 74 176
5 75 189
5 76 115
5 77 222
5 78 123
5 79 360
5 80 273
5 81 63
5 82 169
5 83 97
5 84 92
5 85 116
5 86 117
5 87 79
5 88 62
5 89 167
5 90 146
5 91 308
5 92 244
5 93 94
5 94 169
5 95 65
5 96 20
5 97 146
5 98 40
5 99 143
5 100 79
5 101 123
5 102 49
5 103 89
5 104 101
5 105 193
5 106 277
5 107 277
5 108 431
5 109 118
5 110 287
5 111 102
5 112 100
5 113 349
5 114 100
5 115 85
5 116 224
5 117 167
5 118 60
5 119 113
5 120 53
5 121 45
5 122 121
5 123 272
5 124 243
5 125 21
5 126 62
5 127 127
5 128 140
5 129 189
5 130 33
6 2 2
6 7 65
6 8 101
6 9 127
6 10 77
6 11 68
6 12 16
6 13 180
6 14 104
6 15 126
6 16 53
6 17 100
6 18 53
6 19 93
6 20 59
6 21 57
6 22 51
6 23 147
6 24 19
6 25 167
6 26 31
6 27 7
6 28 115
6 29 62
6 30 34
6 31 51
6 32 57
6 33 133
6 34 548
6 35 48
6 36 65
6 37 135
6 38 38
6 39 92
6 40 132
6 41 110
6 42 28
6 43 12
6 44 289
6 45 37
6 46 5
6 47 42
6 48 227
6 49 47
6 50 21
6 51 121
6 52 61
6 53 137
6 54 10
6 55 159
6 56 66
6 57 98
6 58 135
6 59 87
6 60 18
6 61 163
6 62 117
6 63 113
6 64 19
6 65 109
6 66 74
6 67 109
6 68 87
6 69 16
6 70 59
6 71 123
6 72 2
6 73 124
6 74 189
6 75 110
6 76 7
6 77 119
6 78 67
6 79 69
6 80 263
6 81 18
6 82 62
6 83 83
6 84 2
6 85 226
6 86 71
6 87 83
6 88 58
6 89 108
6 90 61
6 91 41
6 92 42
6 93 15
6 94 65
6 95 66
6 96 1
6 97 128
6 98 17
6 99 149
6 100 88
6 101 206
6 102 8
6 103 114
6 104 82
6 105 140
6 106 175
6 107 40
6 108 113
6 109 26
6 110 309
6 111 93
6 112 136
6 113 136
6 114 6
6 115 91
6 116 117
6 117 74
6 118 52
6 119 8
6 120 52
6 121 41
6 122 29
6 123 52
6 124 28
6 125 14
6 126 20
6 127 12
6 128 94
6 129 38
6 130 10
6 131 5
7 2 3
7 8 166
7 9 68
7 10 54
7 11 95
7 12 23
7 13 148
7 14 39
7 15 53
7 16 39
7 17 38
7 18 163
7 19 28
7 20 47
7 21 101
7 22 30
7 23 88
7 24 11
7 25 52
7 26 108
7 27 99
7 28 73
7 29 8
7 30 384
7 31 24
7 32 128
7 33 122
7 34 83
7 35 133
7 36 51
7 37 85
7 38 30
7 39 28
7 40 44
7 41 120
7 42 105
7 43 59
7 44 159
7 45 144
7 46 25
7 47 80
7 48 118
7 49 174
7 50 56
7 51 108
7 52 116
7 53 190
7 54 28
7 55 53
7 56 128
7 57 62
7 58 34
7 59 213
7 60 288
7 61 110
7 62 170
7 63 46
7 64 182
7 65 130
7 66 4
7 67 100
7 68 73
7 69 49
7 70 42
7 71 108
7 72 14
7 73 96
7 74 105
7 75 69
7 76 105
7 77 111
7 78 72
7 79 199
7 80 174
7 81 48
7 82 92
7 83 44
7 84 12
7 85 87
7 86 96
7 87 44
7 88 21
7 89 52
7 90 86
7 91 137
7 92 287
7 93 45
7 94 233
7 95 22
7 96 12
7 97 95
7 98 216
7 99 110
7 100 50
7 101 63
7 102 31
7 103 49
7 104 107
7 105 63
7 106 153
7 107 161
7 108 219
7 109 87
7 110 152
7 111 102
7 112 56
7 113 191
7 114 45
7 115 71
7 116 189
7 117 34
7 118 9
7 119 35
7 120 85
7 121 14
7 122 329
7 123 158
7 124 373
7 125 223
7 126 386
7 127 33
7 128 99
7 129 210
7 130 168
7 131 144
8 2 30
8 3 29
8 5 50
8 7 29
8 9 237
8 10 123
8 11 272
8 12 209
8 13 292
8 14 137
8 15 177
8 16 59
8 17 82
8 18 905
8 19 48
8 20 43
8 21 376
8 22 78
8 23 159
8 24 12
8 25 153
8 26 438
8 27 62
8 28 188
8 29 79
8 30 289
8 31 48
8 32 726
8 33 192
8 34 196
8 35 259
8 36 222
8 37 230
8 38 63
8 39 44
8 40 92
8 41 249
8 42 148
8 43 124
8 44 213
8 45 318
8 46 192
8 47 121
8 48 220
8 49 300
8 50 157
8 51 143
8 52 206
8 53 311
8 54 58
8 55 128
8 56 228
8 57 118
8 58 92
8 59 294
8 60 372
8 61 147
8 62 340
8 63 55
8 64 299
8 65 382
8 66 36
8 67 326
8 68 330
8 69 212
8 70 37
8 71 182
8 72 64
8 73 340
8 74 146
8 75 209
8 76 101
8 77 175
8 78 153
8 79 367
8 80 386
8 81 130
8 82 158
8 83 106
8 84 135
8 85 186
8 86 194
8 87 168
8 88 33
8 89 134
8 90 235
8 91 1093
8 92 330
8 93 57
8 94 334
8 95 45
8 96 155
8 97 157
8 98 82
8 99 174
8 100 89
8 101 110
8 102 161
8 103 98
8 104 203
8 105 104
8 106 216
8 107 603
8 108 582
8 109 189
8 110 201
8 111 98
8 112 66
8 113 348
8 114 146
8 115 112
8 116 191
8 117 116
8 118 21
8 119 205
8 120 35
8 121 17
8 122 82
8 123 430
8 124 316
8 125 97
8 126 243
8 127 163
8 128 84
8 129 166
8 130 90
8 131 9
9 7 58
9 10 157
9 11 106
9 12 209
9 13 301
9 14 71
9 15 99
9 16 138
9 17 116
9 18 235
9 19 85
9 20 150
9 21 154
9 22 102
9 23 66
9 24 36
9 25 143
9 26 91
9 27 49
9 28 163
9 29 41
9 30 216
9 31 88
9 32 274
9 33 168
9 34 241
9 35 166
9 36 123
9 37 80
9 38 104
9 39 93
9 40 106
9 41 217
9 42 94
9 43 133
9 44 243
9 45 183
9 46 139
9 47 125
9 48 198
9 49 151
9 50 186
9 51 229
9 52 143
9 53 381
9 54 86
9 55 200
9 56 125
9 57 234
9 58 176
9 59 189
9 60 146
9 61 322
9 62 209
9 63 199
9 64 115
9 65 287
9 66 129
9 67 119
9 68 169
9 69 88
9 70 88
9 71 96
9 72 84
9 73 248
9 74 228
9 75 142
9 76 66
9 77 154
9 78 115
9 79 160
9 80 205
9 81 122
9 82 194
9 83 153
9 84 131
9 85 181
9 86 132
9 87 134
9 88 54
9 89 82
9 90 139
9 91 201
9 92 177
9 93 144
9 94 236
9 95 180
9 96 28
9 97 164
9 98 108
9 99 160
9 100 169
9 101 111
9 102 131
9 103 103
9 104 201
9 105 122
9 106 127
9 107 166
9 108 267
9 109 220
9 110 95
9 111 157
9 112 95
9 113 205
9 114 168
9 115 88
9 116 183
9 117 125
9 118 119
9 119 104
9 120 186
9 121 132
9 122 171
9 123 167
9 124 129
9 125 12
9 126 15
9 127 118
9 128 75
9 129 146
9 130 59
9 131 49
10 2 49
10 3 59
10 5 2
10 7 19
10 11 134
10 12 23
10 13 579
10 14 155
10 15 251
10 16 53
10 17 128
10 18 96
10 19 51
10 20 39
10 21 29
10 22 161
10 23 207
10 24 39
10 25 189
10 26 57
10 27 8
10 28 195
10 29 118
10 30 70
10 31 46
10 32 145
10 33 316
10 34 200
10 35 33
10 36 212
10 37 244
10 38 18
10 39 243
10 40 311
10 41 75
10 42 54
10 43 42
10 44 341
10 45 87
10 46 3
10 47 40
10 48 205
10 49 56
10 50 35
10 51 130
10 52 92
10 53 155
10 54 6
10 55 358
10 56 103
10 57 101
10 58 184
10 59 83
10 60 25
10 61 437
10 62 183
10 63 87
10 64 17
10 65 221
10 66 594
10 67 122
10 68 138
10 69 23
10 70 85
10 71 176
10 72 4
10 73 258
10 74 535
10 75 102
10 76 1
10 77 278
10 78 293
10 79 28
10 80 303
10 81 21
10 82 221
10 83 154
10 84 6
10 85 163
10 86 141
10 87 289
10 88 154
10 89 239
10 90 48
10 91 39
10 92 37
10 93 20
10 94 60
10 95 137
10 96 3
10 97 288
10 98 10
10 99 186
10 100 117
10 101 384
10 102 11
10 103 302
10 104 194
10 105 172
10 106 215
10 107 69
10 108 170
10 109 15
10 110 164
10 111 277
10 112 219
10 113 134
10 114 1
10 115 190
10 116 117
10 117 268
10 118 58
10 119 7
10 120 72
10 121 49
10 122 9
10 123 36
10 124 5
10 126 9
10 127 9
10 128 92
10 129 22
10 131 1
11 2 26
11 3 4
11 5 18
11 7 50
11 12 50
11 13 263
11 14 56
11 15 113
11 16 59
11 17 82
11 18 232
11 19 93
11 20 64
11 21 116
11 22 76
11 23 132
11 24 20
11 25 85
11 26 63
11 27 11
11 28 134
11 29 37
11 30 112
11 31 32
11 32 127
11 33 263
11 34 147
11 35 96
11 36 103
11 37 127
11 38 24
11 39 68
11 40 109
11 41 138
11 42 78
11 43 59
11 44 115
11 45 109
11 46 22
11 47 48
11 48 124
11 49 119
11 50 74
11 51 116
11 52 105
11 53 218
11 54 6
11 55 80
11 56 133
11 57 109
11 58 88
11 59 81
11 60 97
11 61 173
11 62 188
11 63 49
11 64 52
11 65 243
11 66 35
11 67 203
11 68 130
11 69 33
11 70 40
11 71 122
11 72 28
11 73 200
11 74 128
11 75 143
11 76 12
11 77 159
11 78 122
11 79 63
11 80 249
11 81 41
11 82 172
11 83 99
11 84 24
11 85 108
11 86 83
11 87 86
11 88 40
11 89 114
11 90 66
11 91 75
11 92 109
11 93 32
11 94 73
11 95 39
11 96 1
11 97 144
11 98 41
11 99 102
11 100 65
11 101 92
11 102 38
11 103 99
11 104 146
11 105 105
11 106 167
11 107 115
11 108 205
11 109 36
11 110 165
11 111 98
11 112 99
11 113 193
11 114 33
11 115 80
11 116 118
11 117 105
11 118 49
11 119 29
11 120 87
11 121 27
11 122 29
11 123 115
11 124 64
11 125 5
11 126 22
11 127 25
11 128 67
11 129 96
11 130 12
12 7 44
12 13 62
12 14 24
12 15 29
12 16 70
12 17 40
12 18 282
12 19 32
12 20 45
12 21 222
12 22 34
12 23 8
12 24 9
12 25 61
12 26 232
12 27 60
12 28 40
12 29 11
12 30 200
12 31 45
12 32 154
12 33 91
12 34 55
12 35 106
12 36 31
12 37 36
12 38 53
12 39 13
12 40 10
12 41 77
12 42 110
12 43 111
12 44 74
12 45 121
12 46 207
12 47 78
12 48 47
12 49 111
12 50 145
12 51 84
12 52 126
12 53 119
12 54 116
12 55 50
12 56 39
12 57 152
12 58 29
12 59 128
12 60 265
12 61 52
12 62 56
12 63 32
12 64 228
12 65 131
12 66 5
12 67 119
12 68 102
12 69 207
12 70 32
12 71 52
12 72 125
12 73 99
12 74 42
12 75 79
12 76 61
12 77 53
12 78 30
12 79 91
12 80 70
12 81 188
12 82 44
12 83 30
12 84 151
12 85 55
12 86 55
12 87 21
12 88 2
12 89 11
12 90 145
12 91 319
12 92 235
12 93 121
12 94 196
12 95 50
12 96 68
12 97 64
12 98 128
12 99 63
12 100 56
12 101 10
12 102 179
12 103 19
12 104 103
12 105 38
12 106 54
12 107 167
12 108 246
12 109 165
12 110 55
12 111 26
12 112 22
12 113 76
12 114 213
12 115 12
12 116 46
12 117 23
12 118 21
12 119 138
12 120 54
12 121 33
12 122 127
12 123 270
12 124 209
12 125 85
12 126 83
12 127 98
12 128 6
12 129 133
12 130 23
12 131 69
13 2 98
13 3 142
13 5 16
13 7 43
13 11 22
13 14 467
13 15 752
13 16 107
13 17 303
13 18 179
13 19 168
13 20 125
13 21 58
13 22 495
13 23 504
13 24 60
13 25 405
13 26 82
13 27 12
13 28 418
13 29 262
13 30 120
13 31 112
13 32 221
13 33 585
13 34 459
13 35 69
13 36 442
13 37 328
13 38 49
13 39 389
13 40 563
13 41 96
13 42 87
13 43 146
13 44 721
13 45 111
13 46 36
13 47 71
13 48 515
13 49 117
13 50 98
13 51 257
13 52 154
13 53 304
13 54 11
13 55 572
13 56 205
13 57 117
13 58 335
13 59 147
13 60 60
13 61 1070
13 62 413
13 63 222
13 64 53
13 65 466
13 66 1534
13 67 367
13 68 284
13 69 26
13 70 220
13 71 391
13 72 28
13 73 510
13 74 650
13 75 205
13 76 10
13 77 379
13 78 545
13 79 46
13 80 588
13 81 28
13 82 523
13 83 347
13 84 9
13 85 504
13 86 229
13 87 814
13 88 336
13 89 412
13 90 63
13 91 50
13 92 63
13 93 53
13 94 74
13 95 108
13 96 5
13 97 499
13 98 46
13 99 459
13 100 158
13 101 610
13 102 19
13 103 627
13 104 409
13 105 488
13 106 479
13 107 173
13 108 281
13 109 41
13 110 253
13 111 820
13 112 517
13 113 185
13 114 29
13 115 567
13 116 514
13 117 463
13 118 134
13 119 15
13 120 218
13 121 159
13 122 16
13 123 73
13 124 41
13 125 7
13 126 28
13 127 25
13 128 52
13 129 74
13 131 1
14 2 56
14 3 56
14 5 10
14 7 27
14 11 28
14 15 115
14 16 70
14 17 127
14 18 86
14 19 76
14 20 49
14 21 58
14 22 158
14 23 275
14 24 64
14 25 124
14 26 37
14 27 2
14 28 155
14 29 241
14 30 69
14 31 61
14 32 85
14 33 256
14 34 162
14 35 62
14 36 181
14 37 188
14 38 11
14 39 222
14 40 253
14 41 92
14 42 23
14 43 21
14 44 355
14 45 35
14 46 26
14 47 30
14 48 203
14 49 94
14 50 25
14 51 79
14 52 35
14 53 110
14 55 198
14 56 65
14 57 69
14 58 152
14 59 79
14 60 30
14 61 304
14 62 110
14 63 63
14 64 19
14 65 155
14 66 181
14 67 149
14 68 141
14 69 12
14 70 96
14 71 215
14 72 10
14 73 202
14 74 264
14 75 156
14 76 3
14 77 208
14 78 357
14 79 27
14 80 218
14 81 12
14 82 292
14 83 149
14 84 11
14 85 259
14 86 97
14 87 301
14 88 169
14 89 200
14 90 48
14 91 21
14 92 15
14 93 15
14 94 34
14 95 72
14 96 1
14 97 173
14 98 7
14 99 294
14 100 44
14 101 335
14 102 11
14 103 298
14 104 91
14 105 186
14 106 276
14 107 78
14 108 209
14 109 14
14 110 146
14 111 156
14 112 307
14 113 123
14 114 8
14 115 280
14 116 245
14 117 231
14 118 56
14 119 16
14 120 27
14 121 94
14 122 9
14 123 48
14 124 25
14 126 11
14 127 14
14 128 46
14 129 33
14 130 2
14 131 2
15 2 28
15 3 14
15 5 1
15 7 23
15 10 26
15 11 23
15 13 53
15 14 16
15 16 62
15 17 193
15 18 74
15 19 112
15 20 132
15 21 62
15 22 261
15 23 352
15 24 65
15 25 209
15 26 27
15 27 4
15 28 195
15 29 132
15 30 51
15 31 97
15 32 163
15 33 274
15 34 232
15 35 42
15 36 314
15 37 265
15 38 19
15 39 258
15 40 346
15 41 98
15 42 50
15 43 28
15 44 389
15 45 56
15 46 10
15 47 50
15 48 196
15 49 60
15 50 50
15 51 128
15 52 76
15 53 144
15 54 1
15 55 390
15 56 149
15 57 74
15 58 239
15 59 107
15 60 30
15 61 680
15 62 188
15 63 91
15 64 30
15 65 268
15 66 984
15 67 236
15 68 194
15 69 17
15 70 157
15 71 186
15 72 5
15 73 198
15 74 365
15 75 219
15 76 5
15 77 262
15 78 250
15 79 26
15 80 251
15 81 15
15 82 215
15 83 306
15 84 7
15 85 310
15 86 153
15 87 385
15 88 186
15 89 210
15 90 59
15 91 48
15 92 29
15 93 29
15 94 39
15 95 111
15 96 4
15 97 348
15 98 23
15 99 258
15 100 79
15 101 308
15 102 6
15 103 259
15 104 192
15 105 247
15 106 258
15 107 45
15 108 296
15 109 25
15 110 168
15 111 460
15 112 228
15 113 121
15 114 11
15 115 261
15 116 240
15 117 244
15 118 85
15 119 30
15 120 57
15 121 100
15 122 13
15 123 62
15 124 22
15 125 2
15 126 9
15 127 12
15 128 47
15 129 36
15 131 3
16 7 41
16 17 32
16 18 51
16 19 56
16 20 76
16 21 30
16 22 55
16 23 46
16 24 28
16 25 57
16 26 24
16 27 5
16 28 70
16 29 24
16 30 72
16 31 35
16 32 53
16 33 84
16 34 128
16 35 29
16 36 67
16 37 56
16 38 55
16 39 73
16 40 39
16 41 115
16 42 28
16 43 49
16 44 103
16 45 53
16 46 16
16 47 48
16 48 89
16 49 57
16 50 61
16 51 105
16 52 118
16 53 116
16 54 22
16 55 126
16 56 127
16 57 118
16 58 92
16 59 79
16 60 39
16 61 92
16 62 102
16 63 81
16 64 14
16 65 114
16 66 17
16 67 48
16 68 45
16 69 31
16 70 26
16 71 47
16 72 17
16 73 61
16 74 56
16 75 62
16 76 1
16 77 117
16 78 63
16 79 145
16 80 156
16 81 31
16 82 64
16 83 57
16 84 18
16 85 113
16 86 54
16 87 55
16 88 18
16 89 81
16 90 71
16 91 35
16 92 46
16 93 46
16 94 59
16 95 70
16 96 3
16 97 64
16 98 17
16 99 101
16 100 108
16 101 94
16 102 15
16 103 77
16 104 91
16 105 38
16 106 107
16 107 19
16 108 131
16 109 64
16 110 98
16 111 95
16 112 62
16 113 96
16 114 22
16 115 40
16 116 107
16 117 52
16 118 34
16 119 6
16 120 79
16 121 37
16 122 10
16 123 40
16 124 5
16 126 6
16 127 24
16 128 31
16 129 6
16 131 6
17 2 42
17 7 34
17 18 145
17 19 72
17 20 109
17 21 49
17 22 94
17 23 165
17 24 44
17 25 177
17 26 37
17 27 2
17 28 216
17 29 66
17 30 96
17 31 42
17 32 106
17 33 193
17 34 160
17 35 45
17 36 131
17 37 155
17 38 9
17 39 97
17 40 193
17 41 96
17 42 53
17 43 35
17 44 273
17 45 65
17 46 15
17 47 78
17 48 120
17 49 52
17 50 48
17 51 125
17 52 108
17 53 186
17 54 10
17 55 126
17 56 80
17 57 55
17 58 113
17 59 97
17 60 36
17 61 311
17 62 104
17 63 53
17 64 48
17 65 217
17 66 106
17 67 171
17 68 146
17 69 28
17 70 76
17 71 100
17 72 11
17 73 138
17 74 164
17 75 139
17 76 6
17 77 150
17 78 130
17 79 30
17 80 161
17 81 18
17 82 91
17 83 73
17 84 9
17 85 165
17 86 129
17 87 117
17 88 74
17 89 82
17 90 43
17 91 57
17 92 29
17 93 20
17 94 59
17 95 41
17 96 5
17 97 199
17 98 10
17 99 234
17 100 46
17 101 189
17 102 25
17 103 162
17 104 143
17 105 157
17 106 201
17 107 54
17 108 189
17 109 33
17 110 119
17 111 125
17 112 112
17 113 88
17 114 17
17 115 103
17 116 129
17 117 117
17 118 27
17 119 9
17 120 45
17 121 42
17 122 20
17 124 24
17 125 5
17 126 16
17 127 14
17 128 77
17 129 42
17 130 9
18 2 27
18 5 121
18 7 36
18 15 3
18 19 25
18 20 38
18 21 516
18 22 73
18 23 113
18 24 3
18 25 89
18 26 557
18 27 240
18 28 126
18 29 5
18 30 482
18 31 20
18 32 626
18 33 250
18 34 196
18 35 341
18 36 69
18 37 135
18 38 48
18 39 38
18 40 53
18 41 183
18 42 207
18 43 206
18 44 134
18 45 222
18 46 393
18 47 193
18 48 97
18 49 417
18 50 241
18 51 137
18 52 222
18 53 342
18 54 140
18 55 72
18 56 250
18 57 169
18 58 67
18 59 417
18 60 479
18 61 92
18 62 306
18 63 33
18 64 581
18 65 326
18 66 19
18 67 255
18 68 329
18 69 298
18 70 41
18 71 129
18 72 115
18 73 301
18 74 113
18 75 184
18 76 180
18 77 85
18 78 106
18 79 236
18 80 187
18 81 163
18 82 123
18 83 79
18 84 222
18 85 108
18 86 99
18 87 65
18 88 18
18 89 77
18 90 296
18 91 789
18 92 522
18 93 113
18 94 446
18 95 28
18 96 65
18 97 84
18 98 227
18 99 165
18 100 68
18 101 60
18 102 402
18 103 60
18 104 113
18 105 70
18 106 169
18 107 687
18 108 760
18 109 227
18 110 153
18 111 71
18 112 53
18 113 248
18 114 283
18 115 52
18 116 198
18 117 44
18 118 30
18 119 312
18 120 57
18 121 69
18 122 279
18 124 485
18 125 211
18 126 444
18 127 252
18 128 82
18 129 359
18 130 134
18 131 157
19 7 12
19 20 53
19 21 28
19 22 85
19 23 79
19 24 14
19 25 105
19 26 16
19 27 9
19 28 96
19 29 57
19 30 21
19 31 28
19 32 31
19 33 83
19 34 137
19 35 34
19 36 53
19 37 93
19 38 9
19 39 86
19 40 81
19 41 36
19 42 14
19 43 25
19 44 278
19 45 66
19 46 16
19 47 16
19 48 161
19 49 18
19 50 19
19 51 99
19 52 45
19 53 154
19 54 8
19 55 171
19 56 31
19 57 41
19 58 88
19 59 43
19 60 20
19 61 214
19 62 70
19 63 83
19 64 13
19 65 81
19 66 20
19 67 89
19 68 53
19 69 28
19 70 84
19 71 152
19 72 9
19 73 80
19 74 173
19 75 60
19 76 1
19 77 97
19 78 90
19 79 30
19 80 125
19 81 20
19 82 47
19 83 90
19 84 8
19 85 71
19 86 77
19 87 74
19 88 58
19 89 61
19 90 16
19 91 27
19 92 26
19 93 8
19 94 25
19 95 39
19 96 2
19 97 84
19 98 12
19 99 117
19 100 47
19 101 144
19 102 11
19 103 106
19 104 127
19 105 141
19 106 134
19 107 41
19 108 93
19 109 20
19 110 91
19 111 145
19 112 84
19 113 78
19 114 8
19 115 106
19 116 67
19 117 90
19 118 29
19 119 6
19 120 28
19 121 90
19 122 13
19 124 2
19 126 5
19 127 12
19 128 76
19 129 39
19 130 2
20 7 16
20 21 24
20 22 65
20 23 56
20 24 92
20 25 61
20 26 21
20 27 10
20 28 51
20 29 56
20 30 43
20 31 74
20 32 22
20 33 75
20 34 86
20 35 34
20 36 56
20 37 93
20 38 4
20 39 119
20 40 62
20 41 18
20 42 27
20 43 49
20 44 137
20 45 30
20 46 4
20 47 7
20 48 111
20 49 21
20 50 39
20 51 96
20 52 44
20 53 111
20 54 22
20 55 107
20 56 44
20 57 115
20 58 117
20 59 43
20 60 7
20 61 138
20 62 106
20 63 65
20 64 19
20 65 53
20 66 41
20 67 52
20 68 129
20 69 18
20 70 90
20 71 58
20 72 38
20 73 74
20 74 103
20 75 57
20 76 2
20 77 50
20 78 128
20 79 32
20 80 103
20 81 54
20 82 80
20 83 73
20 84 35
20 85 94
20 86 63
20 87 79
20 88 99
20 89 63
20 90 5
20 91 21
20 92 35
20 93 33
20 94 35
20 95 51
20 96 4
20 97 127
20 98 15
20 99 93
20 100 84
20 101 93
20 102 32
20 103 156
20 104 90
20 105 139
20 106 74
20 107 35
20 108 80
20 109 61
20 110 62
20 111 116
20 112 90
20 113 55
20 114 18
20 115 47
20 116 82
20 117 127
20 118 29
20 119 11
20 120 45
20 121 64
20 122 17
20 124 13
20 126 8
20 127 33
20 128 47
20 129 83
20 131 6
21 2 9
21 7 21
21 22 22
21 23 33
21 25 53
21 26 388
21 27 318
21 28 100
21 29 14
21 30 406
21 31 16
21 32 176
21 33 86
21 34 110
21 35 224
21 36 39
21 37 51
21 38 36
21 39 8
21 40 22
21 41 98
21 42 176
21 43 189
21 44 66
21 45 159
21 46 346
21 47 75
21 48 62
21 49 232
21 50 201
21 51 52
21 52 181
21 53 158
21 54 86
21 55 67
21 56 164
21 57 88
21 58 12
21 59 232
21 60 361
21 61 64
21 62 157
21 63 18
21 64 584
21 65 169
21 66 7
21 67 127
21 68 158
21 69 464
21 70 27
21 71 96
21 72 59
21 73 121
21 74 60
21 75 98
21 76 299
21 77 62
21 78 65
21 79 92
21 80 121
21 81 215
21 82 38
21 83 24
21 84 169
21 85 65
21 86 69
21 87 20
21 88 20
21 89 17
21 90 137
21 91 365
21 92 358
21 93 70
21 94 341
21 95 22
21 96 175
21 97 28
21 98 212
21 99 81
21 100 25
21 101 38
21 102 395
21 103 16
21 104 87
21 105 49
21 106 112
21 107 236
21 108 240
21 109 140
21 110 149
21 111 34
21 112 24
21 113 163
21 114 224
21 115 39
21 116 97
21 117 26
21 118 13
21 119 293
21 120 27
21 121 38
21 122 151
21 124 496
21 125 247
21 126 649
21 127 230
21 128 33
21 129 272
21 130 217
21 131 291
22 2 63
22 3 28
22 5 19
22 7 23
22 8 40
22 10 25
22 11 17
22 13 34
22 14 51
22 15 50
22 18 21
22 20 2
22 23 270
22 24 33
22 25 219
22 26 48
22 27 2
22 28 235
22 29 106
22 30 61
22 31 61
22 32 189
22 33 274
22 34 129
22 35 33
22 36 300
22 37 232
22 38 14
22 39 210
22 40 285
22 41 30
22 42 26
22 43 40
22 44 356
22 45 37
22 46 45
22 47 46
22 48 151
22 49 22
22 50 35
22 51 103
22 52 79
22 53 146
22 54 3
22 55 286
22 56 93
22 57 106
22 58 65
22 59 77
22 60 33
22 61 329
22 62 129
22 63 63
22 64 18
22 65 259
22 66 214
22 67 129
22 68 231
22 69 19
22 70 144
22 71 197
22 72 6
22 73 246
22 74 364
22 75 156
22 76 4
22 77 264
22 78 194
22 79 48
22 80 340
22 81 22
22 82 269
22 83 155
22 84 3
22 85 235
22 86 125
22 87 322
22 88 134
22 89 172
22 90 27
22 91 26
22 92 13
22 93 15
22 94 55
22 95 75
22 96 3
22 97 251
22 98 18
22 99 185
22 100 55
22 101 296
22 102 14
22 103 224
22 104 202
22 105 329
22 106 143
22 107 87
22 108 150
22 109 10
22 110 143
22 111 329
22 112 222
22 113 60
22 114 10
22 115 181
22 116 185
22 117 240
22 118 70
22 119 10
22 120 64
22 121 57
22 122 14
22 124 32
22 125 2
22 126 10
22 127 2
22 128 50
22 129 52
22 130 1
23 2 43
23 3 36
23 5 3
23 7 18
23 8 32
23 10 43
23 11 13
23 13 37
23 14 82
23 15 18
23 18 7
23 20 23
23 24 79
23 25 233
23 26 58
23 27 10
23 28 137
23 29 193
23 30 32
23 31 71
23 32 128
23 33 265
23 34 196
23 35 51
23 36 192
23 37 261
23 38 15
23 39 327
23 40 313
23 41 63
23 42 35
23 43 36
23 44 409
23 45 32
23 46 12
23 47 39
23 48 190
23 49 51
23 50 25
23 51 92
23 52 58
23 53 184
23 54 6
23 55 191
23 56 96
23 57 64
23 58 80
23 59 71
23 60 50
23 61 355
23 62 136
23 63 98
23 64 22
23 65 200
23 66 217
23 67 155
23 68 135
23 69 10
23 70 119
23 71 146
23 72 9
23 73 221
23 74 280
23 75 192
23 76 2
23 77 191
23 78 324
23 79 32
23 80 220
23 81 9
23 82 208
23 83 147
23 84 5
23 85 207
23 86 278
23 87 382
23 88 324
23 89 225
23 90 42
23 91 42
23 92 28
23 93 8
23 94 72
23 95 55
23 97 250
23 98 20
23 99 298
23 100 66
23 101 464
23 102 5
23 103 296
23 104 80
23 105 331
23 106 236
23 107 105
23 108 155
23 109 11
23 110 188
23 111 234
23 112 257
23 113 115
23 114 9
23 115 341
23 116 273
23 117 296
23 118 116
23 119 6
23 120 47
23 121 100
23 122 12
23 123 6
23 124 35
23 126 14
23 127 16
23 128 51
23 129 44
23 131 5
24 2 4
24 7 8
24 20 6
24 23 2
24 25 56
24 26 6
24 27 2
24 28 47
24 29 40
24 30 3
24 31 24
24 32 39
24 33 37
24 34 30
24 35 17
24 36 41
24 37 49
24 38 2
24 39 61
24 40 59
24 41 15
24 42 9
24 43 21
24 44 67
24 45 14
24 46 6
24 47 2
24 48 30
24 49 2
24 50 19
24 51 16
24 52 16
24 53 50
24 54 1
24 55 41
24 56 19
24 57 46
24 58 26
24 59 2
24 60 4
24 61 92
24 62 53
24 63 13
24 64 1
24 65 50
24 66 59
24 67 23
24 68 37
24 69 1
24 70 52
24 71 34
24 72 6
24 73 15
24 74 57
24 75 20
24 77 65
24 78 84
24 79 4
24 80 36
24 81 3
24 82 93
24 83 35
24 84 3
24 85 45
24 86 15
24 87 54
24 88 47
24 89 22
24 90 1
24 91 6
24 92 7
24 93 4
24 94 7
24 95 41
24 97 75
24 98 2
24 99 94
24 100 21
24 101 72
24 102 4
24 103 31
24 104 12
24 105 20
24 106 26
24 107 6
24 108 21
24 109 13
24 110 39
24 111 69
24 112 88
24 113 9
24 114 6
24 115 60
24 116 23
24 117 50
24 118 48
24 120 38
24 121 60
24 126 3
24 127 1
24 128 19
24 129 13
25 2 37
25 3 23
25 5 22
25 7 19
25 8 85
25 10 14
25 11 88
25 13 57
25 14 50
25 15 29
25 18 42
25 20 15
25 23 60
25 26 63
25 27 6
25 28 222
25 29 157
25 30 44
25 31 61
25 32 141
25 33 345
25 34 222
25 35 46
25 36 252
25 37 217
25 38 30
25 39 191
25 40 307
25 41 114
25 42 78
25 43 43
25 44 351
25 45 72
25 46 21
25 47 42
25 48 173
25 49 59
25 50 45
25 51 155
25 52 90
25 53 219
25 54 9
25 55 218
25 56 110
25 57 62
25 58 74
25 59 119
25 60 41
25 61 431
25 62 170
25 63 98
25 64 41
25 65 295
25 66 300
25 67 300
25 68 219
25 69 38
25 70 75
25 71 183
25 72 9
25 73 200
25 74 317
25 75 147
25 76 9
25 77 234
25 78 199
25 79 33
25 80 346
25 81 49
25 82 240
25 83 136
25 84 13
25 85 160
25 86 117
25 87 302
25 88 136
25 89 207
25 90 79
25 91 61
25 92 62
25 93 23
25 94 98
25 95 94
25 96 5
25 97 253
25 98 8
25 99 194
25 100 86
25 101 328
25 102 20
25 103 280
25 104 177
25 105 192
25 106 260
25 107 100
25 108 225
25 109 30
25 110 191
25 111 253
25 112 186
25 113 184
25 114 17
25 115 155
25 116 177
25 117 238
25 118 42
25 119 11
25 120 40
25 121 45
25 122 13
25 123 4
25 124 38
25 125 4
25 126 10
25 127 23
25 128 22
25 129 49
25 130 2
26 2 4
26 3 1
26 5 141
26 7 15
26 8 130
26 10 2
26 11 73
26 13 14
26 14 27
26 15 19
26 18 166
26 20 15
26 23 21
26 27 367
26 28 149
26 29 8
26 30 435
26 31 9
26 32 475
26 33 106
26 34 97
26 35 263
26 36 35
26 37 77
26 38 31
26 39 7
26 40 16
26 41 113
26 42 192
26 43 171
26 44 70
26 45 149
26 46 619
26 47 89
26 48 71
26 49 255
26 50 168
26 51 47
26 52 224
26 53 183
26 54 123
26 55 46
26 56 95
26 57 48
26 58 6
26 59 203
26 60 533
26 61 63
26 62 137
26 63 25
26 64 723
26 65 177
26 66 6
26 67 196
26 68 86
26 69 325
26 70 15
26 71 109
26 72 60
26 73 120
26 74 52
26 75 127
26 76 320
26 77 90
26 78 73
26 79 90
26 80 239
26 81 133
26 82 68
26 83 18
26 84 226
26 85 56
26 86 60
26 87 22
26 88 10
26 89 63
26 90 130
26 91 709
26 92 675
26 93 43
26 94 373
26 95 22
26 96 245
26 97 31
26 98 212
26 99 73
26 100 43
26 101 18
26 102 399
26 103 29
26 104 79
26 105 41
26 106 105
26 107 549
26 108 494
26 109 154
26 110 94
26 111 29
26 112 15
26 113 273
26 114 227
26 115 49
26 116 255
26 117 36
26 118 10
26 119 297
26 120 28
26 121 16
26 122 272
26 123 23
26 124 1233
26 125 223
26 126 768
26 127 238
26 128 35
26 129 240
26 130 204
26 131 273
27 7 4
27 28 14
27 29 1
27 30 320
27 31 10
27 32 108
27 33 59
27 34 19
27 35 46
27 36 3
27 37 6
27 38 26
27 39 7
27 40 1
27 41 12
27 42 91
27 43 123
27 44 14
27 45 82
27 46 426
27 47 22
27 48 33
27 49 63
27 50 126
27 51 11
27 52 95
27 53 123
27 54 42
27 55 15
27 56 33
27 57 37
27 58 3
27 59 44
27 60 323
27 61 18
27 62 19
27 63 10
27 64 539
27 65 18
27 66 3
27 67 62
27 68 46
27 69 317
27 70 2
27 71 38
27 72 44
27 73 27
27 74 22
27 75 25
27 76 415
27 77 16
27 78 11
27 79 60
27 80 12
27 81 98
27 82 4
27 83 17
27 84 106
27 85 14
27 86 6
27 87 11
27 88 5
27 90 29
27 91 76
27 92 573
27 93 61
27 94 367
27 95 7
27 96 164
27 97 5
27 98 330
27 99 21
27 100 22
27 101 16
27 102 337
27 103 6
27 104 25
27 105 6
27 106 22
27 107 36
27 108 76
27 109 54
27 110 18
27 111 8
27 112 6
27 113 21
27 114 175
27 115 4
27 116 26
27 117 8
27 118 10
27 119 542
27 120 16
27 121 22
27 122 469
27 124 584
27 125 488
27 126 898
27 127 269
27 128 25
27 129 339
27 130 417
27 131 722
28 2 46
28 3 17
28 5 42
28 7 52
28 8 113
28 10 42
28 11 48
28 13 74
28 14 30
28 15 46
28 18 43
28 20 19
28 23 21
28 29 66
28 30 144
28 31 18
28 32 199
28 33 302
28 34 226
28 35 72
28 36 200
28 37 197
28 38 36
28 39 111
28 40 203
28 41 179
28 42 86
28 43 78
28 44 350
28 45 91
28 46 39
28 47 47
28 48 196
28 49 165
28 50 70
28 51 192
28 52 69
28 53 196
28 54 11
28 55 257
28 56 150
28 57 99
28 58 73
28 59 144
28 60 50
28 61 260
28 62 234
28 63 69
28 64 45
28 65 321
28 66 81
28 67 326
28 68 207
28 69 56
28 70 84
28 71 215
28 72 22
28 73 282
28 74 320
28 75 234
28 76 11
28 77 266
28 78 211
28 79 79
28 80 506
28 81 37
28 82 186
28 83 168
28 84 32
28 85 182
28 86 149
28 87 183
28 88 81
28 89 191
28 90 146
28 91 87
28 92 88
28 93 27
28 94 72
28 95 89
28 96 2
28 97 145
28 98 20
28 99 183
28 100 58
28 101 222
28 102 12
28 103 146
28 104 194
28 105 240
28 106 241
28 107 134
28 108 269
28 109 48
28 110 226
28 111 167
28 112 137
28 113 202
28 114 33
28 115 147
28 116 227
28 117 248
28 118 33
28 119 19
28 120 98
28 121 63
28 122 22
28 123 7
28 124 31
28 125 7
28 126 18
28 127 34
28 128 79
28 129 77
28 130 9
28 131 4
29 2 31
29 3 63
29 7 5
29 10 49
29 11 7
29 13 68
29 14 24
29 15 45
29 18 2
29 20 11
29 23 21
29 30 11
29 31 87
29 32 69
29 33 128
29 34 72
29 35 12
29 36 128
29 37 219
29 38 1
29 39 254
29 40 423
29 41 10
29 42 7
29 43 15
29 44 356
29 45 7
29 46 6
29 47 9
29 48 97
29 49 20
29 50 8
29 51 33
29 52 9
29 53 50
29 54 1
29 55 154
29 56 30
29 57 13
29 58 54
29 59 18
29 60 7
29 61 236
29 62 44
29 63 50
29 64 1
29 65 133
29 66 343
29 67 113
29 68 89
29 69 3
29 70 82
29 71 125
29 72 6
29 73 67
29 74 447
29 75 113
29 76 1
29 77 137
29 78 340
29 79 6
29 80 67
29 81 4
29 82 143
29 83 115
29 85 158
29 86 78
29 87 314
29 88 280
29 89 144
29 90 13
29 91 5
29 92 10
29 93 6
29 94 19
29 95 24
29 97 114
29 98 6
29 99 176
29 100 40
29 101 487
29 102 2
29 103 353
29 104 66
29 105 162
29 106 129
29 107 24
29 108 66
29 109 6
29 110 84
29 111 156
29 112 340
29 113 27
29 114 1
29 116 73
29 117 220
29 118 47
29 119 2
29 120 38
29 121 74
29 122 4
29 123 1
29 124 8
29 126 6
29 127 5
29 128 135
29 129 9
30 2 4
30 7 33
30 20 9
30 23 2
30 31 23
30 32 255
30 33 130
30 34 74
30 35 249
30 36 47
30 37 65
30 38 24
30 39 44
30 40 27
30 41 103
30 42 222
30 43 195
30 44 115
30 45 181
30 46 302
30 47 101
30 48 84
30 49 256
30 50 282
30 51 92
30 52 182
30 53 290
30 54 77
30 55 121
30 56 113
30 57 184
30 58 42
30 59 169
30 60 419
30 61 111
30 62 196
30 63 40
30 64 605
30 65 179
30 66 12
30 67 162
30 68 180
30 69 360
30 70 44
30 71 102
30 72 73
30 73 140
30 74 75
30 75 126
30 76 327
30 77 81
30 78 89
30 79 113
30 80 151
30 81 151
30 82 72
30 83 71
30 84 103
30 85 92
30 86 65
30 87 32
30 88 21
30 89 16
30 90 63
30 91 293
30 92 633
30 93 75
30 94 562
30 95 67
30 96 70
30 97 95
30 98 390
30 99 100
30 100 61
30 101 40
30 102 295
30 103 45
30 104 155
30 105 53
30 106 113
30 107 181
30 108 292
30 109 154
30 110 97
30 111 54
30 112 45
30 113 284
30 114 125
30 116 94
30 117 51
30 118 58
30 119 270
30 120 45
30 121 44
30 122 529
30 124 628
30 125 509
30 126 810
30 127 219
30 128 33
30 129 387
30 130 302
30 131 365
31 7 10
31 20 11
31 32 37
31 33 67
31 34 47
31 35 32
31 36 28
31 37 104
31 38 12
31 39 113
31 40 105
31 41 7
31 42 18
31 43 22
31 44 138
31 45 24
31 46 21
31 47 6
31 48 82
31 49 15
31 50 33
31 51 33
31 52 13
31 53 74
31 54 3
31 55 87
31 56 32
31 57 65
31 58 21
31 59 12
31 60 11
31 61 62
31 62 25
31 63 60
31 64 10
31 65 19
31 66 72
31 67 45
31 68 41
31 69 23
31 70 30
31 71 33
31 72 18
31 73 38
31 74 33
31 75 16
31 76 2
31 77 53
31 78 68
31 79 14
31 80 66
31 81 21
31 82 48
31 83 40
31 84 15
31 85 55
31 86 39
31 87 35
31 88 58
31 89 45
31 90 9
31 91 18
31 92 9
31 93 22
31 94 19
31 95 12
31 96 4
31 97 58
31 98 18
31 99 33
31 100 66
31 101 91
31 102 5
31 103 67
31 104 42
31 105 64
31 106 73
31 107 14
31 108 51
31 109 25
31 110 44
31 111 81
31 112 77
31 113 27
31 114 11
31 116 25
31 117 54
31 118 44
31 119 22
31 120 53
31 122 8
31 124 2
31 126 2
31 127 7
31 128 127
31 129 21
31 130 1
31 131 1
32 2 8
32 3 10
32 5 36
32 7 22
32 11 19
32 13 57
32 14 49
32 15 1
32 18 178
32 20 12
32 23 77
32 33 158
32 34 161
32 35 340
32 36 111
32 37 167
32 38 15
32 39 69
32 40 169
32 41 127
32 42 133
32 43 141
32 44 203
32 45 176
32 46 225
32 47 159
32 48 196
32 49 133
32 50 112
32 51 141
32 52 258
32 53 309
32 54 55
32 55 167
32 56 206
32 57 155
32 58 20
32 59 200
32 60 302
32 61 184
32 62 215
32 63 38
32 64 319
32 65 269
32 66 19
32 67 241
32 68 207
32 69 161
32 70 157
32 71 329
32 72 45
32 73 242
32 74 210
32 75 215
32 76 103
32 77 120
32 78 143
32 79 182
32 80 260
32 81 100
32 82 200
32 83 98
32 84 175
32 85 172
32 86 47
32 87 126
32 88 102
32 89 150
32 90 103
32 91 512
32 92 301
32 93 77
32 94 345
32 95 33
32 96 68
32 97 120
32 98 48
32 99 205
32 100 74
32 101 143
32 102 122
32 103 98
32 104 186
32 105 193
32 106 196
32 107 424
32 108 590
32 109 81
32 110 189
32 111 119
32 112 145
32 113 255
32 114 90
32 115 19
32 116 190
32 117 125
32 118 65
32 119 111
32 120 69
32 121 4
32 122 60
32 123 4
32 124 370
32 125 47
32 126 151
32 127 136
32 128 44
32 129 154
32 130 60
32 131 4
33 2 53
33 3 52
33 5 14
33 7 72
33 11 17
33 13 46
33 14 46
33 15 2
33 18 30
33 20 24
33 23 96
33 34 183
33 35 78
33 36 189
33 37 219
33 38 69
33 39 141
33 40 128
33 41 66
33 42 100
33 43 85
33 44 392
33 45 142
33 46 65
33 47 66
33 48 266
33 49 68
33 50 96
33 51 193
33 52 141
33 53 218
33 54 19
33 55 236
33 56 158
33 57 110
33 58 64
33 59 130
33 60 63
33 61 338
33 62 279
33 63 78
33 64 89
33 65 275
33 66 194
33 67 289
33 68 263
33 69 64
33 70 102
33 71 282
33 72 58
33 73 219
33 74 278
33 75 213
33 76 7
33 77 260
33 78 299
33 79 95
33 80 295
33 81 55
33 82 161
33 83 167
33 84 67
33 85 237
33 86 173
33 87 212
33 88 123
33 89 182
33 90 71
33 91 79
33 92 59
33 93 58
33 94 125
33 95 117
33 96 19
33 97 187
33 98 26
33 99 224
33 100 93
33 101 250
33 102 38
33 103 176
33 104 303
33 105 196
33 106 251
33 107 89
33 108 261
33 109 49
33 110 255
33 111 273
33 112 180
33 113 274
33 114 62
33 115 10
33 116 216
33 117 193
33 118 92
33 119 33
33 120 83
33 121 10
33 122 26
33 124 43
33 125 8
33 126 33
33 127 33
33 128 75
33 129 116
33 130 9
33 131 1
34 2 28
34 7 35
34 20 10
34 23 62
34 33 87
34 35 91
34 36 156
34 37 232
34 38 36
34 39 127
34 40 207
34 41 178
34 42 63
34 43 62
34 44 410
34 45 58
34 46 22
34 47 107
34 48 271
34 49 145
34 50 39
34 51 242
34 52 106
34 53 231
34 54 11
34 55 260
34 56 135
34 57 60
34 58 65
34 59 194
34 60 60
34 61 549
34 62 216
34 63 145
34 64 82
34 65 230
34 66 229
34 67 188
34 68 161
34 69 40
34 70 119
34 71 202
34 72 7
34 73 264
34 74 336
34 75 208
34 76 21
34 77 135
34 78 219
34 79 44
34 80 399
34 81 23
34 82 164
34 83 158
34 84 9
34 85 228
34 86 189
34 87 165
34 88 74
34 89 188
34 90 136
34 91 158
34 92 102
34 93 27
34 94 106
34 95 93
34 96 4
34 97 220
34 98 17
34 99 225
34 100 89
34 101 279
34 102 20
34 103 182
34 104 139
34 105 130
34 106 330
34 107 47
34 108 238
34 109 33
34 110 491
34 111 188
34 112 202
34 113 241
34 114 6
34 116 238
34 117 176
34 118 73
34 119 27
34 120 88
34 121 4
34 122 43
34 124 99
34 125 16
34 126 25
34 127 24
34 128 52
34 129 76
34 130 26
34 131 7
35 2 8
35 7 29
35 23 5
35 33 29
35 36 33
35 37 67
35 38 19
35 39 22
35 40 32
35 41 152
35 42 83
35 43 88
35 44 123
35 45 127
35 46 132
35 47 174
35 48 103
35 49 274
35 50 71
35 51 80
35 52 132
35 53 229
35 54 37
35 55 43
35 56 129
35 57 72
35 58 14
35 59 246
35 60 192
35 61 83
35 62 145
35 63 47
35 64 212
35 65 137
35 66 9
35 67 110
35 68 112
35 69 83
35 70 18
35 71 90
35 72 36
35 73 92
35 74 75
35 75 104
35 76 53
35 77 72
35 78 48
35 79 162
35 80 157
35 81 87
35 82 65
35 83 57
35 84 92
35 85 61
35 86 59
35 87 22
35 88 12
35 89 38
35 90 154
35 91 288
35 92 240
35 93 71
35 94 230
35 95 34
35 96 19
35 97 65
35 98 76
35 99 86
35 100 44
35 101 28
35 102 84
35 103 24
35 104 71
35 105 60
35 106 146
35 107 87
35 108 321
35 109 88
35 110 109
35 111 34
35 112 17
35 113 185
35 114 66
35 116 140
35 117 26
35 118 17
35 119 40
35 120 40
35 122 140
35 124 235
35 125 38
35 126 101
35 127 72
35 128 71
35 129 227
35 130 24
35 131 8
36 2 28
36 3 46
36 5 8
36 7 23
36 11 22
36 13 55
36 14 41
36 15 8
36 18 16
36 20 11
36 23 37
36 33 42
36 37 249
36 38 17
36 39 132
36 40 276
36 41 89
36 42 35
36 43 23
36 44 327
36 45 59
36 46 10
36 47 38
36 48 166
36 49 41
36 50 39
36 51 141
36 52 86
36 53 132
36 54 7
36 55 224
36 56 82
36 57 68
36 58 85
36 59 52
36 60 51
36 61 459
36 62 123
36 63 53
36 64 26
36 65 221
36 66 414
36 67 116
36 68 165
36 69 22
36 70 104
36 71 115
36 72 15
36 73 213
36 74 214
36 75 95
36 76 11
36 77 195
36 78 224
36 79 18
36 80 325
36 81 26
36 82 220
36 83 161
36 84 11
36 85 145
36 86 131
36 87 257
36 88 132
36 89 141
36 90 40
36 91 54
36 92 27
36 93 21
36 94 37
36 95 107
36 96 1
36 97 256
36 98 4
36 99 363
36 100 75
36 101 228
36 102 13
36 103 308
36 104 139
36 105 145
36 106 198
36 107 57
36 108 175
36 109 9
36 110 91
36 111 290
36 112 225
36 113 80
36 114 6
36 115 1
36 116 98
36 117 249
36 118 59
36 119 3
36 120 55
36 122 23
36 123 5
36 124 16
36 125 2
36 126 3
36 127 24
36 128 62
36 129 17
36 130 6
37 2 38
37 3 63
37 5 8
37 7 24
37 11 17
37 13 65
37 14 68
37 15 4
37 18 27
37 20 32
37 23 88
37 33 60
37 38 18
37 39 216
37 40 277
37 41 169
37 42 66
37 43 32
37 44 384
37 45 72
37 46 22
37 47 91
37 48 196
37 49 69
37 50 60
37 51 159
37 52 98
37 53 182
37 54 12
37 55 193
37 56 161
37 57 119
37 58 74
37 59 155
37 60 31
37 61 192
37 62 158
37 63 82
37 64 36
37 65 256
37 66 130
37 67 185
37 68 171
37 69 20
37 70 71
37 71 150
37 72 31
37 73 176
37 74 201
37 75 108
37 76 8
37 77 241
37 78 358
37 79 82
37 80 284
37 81 16
37 82 220
37 83 108
37 84 8
37 85 210
37 86 138
37 87 235
37 88 178
37 89 333
37 90 94
37 91 61
37 92 46
37 93 28
37 94 60
37 95 59
37 97 204
37 98 24
37 99 206
37 100 105
37 101 329
37 102 15
37 103 231
37 104 120
37 105 212
37 106 290
37 107 62
37 108 232
37 109 42
37 110 215
37 111 229
37 112 224
37 113 155
37 114 14
37 115 20
37 116 247
37 117 194
37 118 108
37 119 6
37 120 51
37 121 2
37 122 31
37 123 2
37 124 32
37 125 7
37 126 11
37 127 17
37 128 186
37 129 63
37 130 4
38 7 25
38 20 2
38 39 12
38 40 11
38 41 89
38 42 42
38 43 30
38 44 41
38 45 45
38 46 39
38 47 41
38 48 43
38 49 57
38 50 58
38 51 58
38 52 71
38 53 86
38 54 10
38 55 23
38 56 34
38 57 54
38 58 19
38 59 56
38 60 17
38 61 35
38 62 13
38 63 30
38 64 40
38 65 83
38 66 6
38 67 39
38 68 28
38 69 29
38 70 6
38 71 31
38 72 17
38 73 64
38 74 25
38 75 41
38 76 9
38 77 28
38 78 8
38 79 37
38 80 63
38 81 51
38 82 18
38 83 7
38 84 13
38 85 55
38 86 23
38 87 17
38 88 5
38 89 17
38 90 61
38 91 27
38 92 41
38 93 22
38 94 66
38 95 46
38 96 6
38 97 15
38 98 20
38 99 53
38 100 94
38 101 21
38 102 31
38 103 14
38 104 31
38 105 17
38 106 48
38 107 35
38 108 50
38 109 37
38 110 28
38 111 12
38 112 15
38 113 72
38 114 20
38 116 52
38 117 16
38 118 12
38 119 14
38 120 20
38 121 9
38 122 46
38 124 43
38 125 1
38 126 6
38 127 20
38 128 19
38 129 40
38 130 2
38 131 3
39 7 10
39 20 19
39 23 36
39 40 351
39 41 35
39 42 7
39 43 25
39 44 361
39 45 31
39 46 12
39 47 17
39 48 178
39 49 16
39 50 20
39 51 110
39 52 58
39 53 110
39 54 6
39 55 216
39 56 73
39 57 57
39 58 100
39 59 37
39 60 12
39 61 539
39 62 108
39 63 72
39 64 13
39 65 140
39 66 645
39 67 81
39 68 89
39 69 6
39 70 235
39 71 120
39 72 9
39 73 111
39 74 351
39 75 166
39 76 4
39 77 209
39 78 304
39 79 20
39 80 127
39 81 9
39 82 175
39 83 190
39 84 7
39 85 167
39 86 129
39 87 320
39 88 325
39 89 262
39 90 17
39 91 17
39 92 6
39 93 21
39 94 34
39 95 79
39 96 3
39 97 248
39 98 8
39 99 256
39 100 66
39 101 369
39 102 6
39 103 447
39 104 132
39 105 261
39 106 210
39 107 26
39 108 107
39 109 15
39 110 107
39 111 467
39 112 276
39 113 66
39 114 4
39 116 164
39 117 214
39 118 81
39 120 67
39 121 19
39 122 18
39 124 9
39 125 2
39 126 7
39 127 19
39 128 61
39 129 10
39 130 1
40 2 71
40 3 70
40 5 1
40 7 8
40 11 9
40 14 89
40 15 20
40 18 10
40 20 19
40 23 163
40 33 77
40 41 49
40 42 21
40 43 52
40 44 449
40 45 24
40 46 9
40 47 25
40 48 243
40 49 42
40 50 39
40 51 112
40 52 31
40 53 140
40 54 6
40 55 233
40 56 81
40 57 28
40 58 97
40 59 60
40 60 17
40 61 236
40 62 123
40 63 93
40 64 9
40 65 159
40 66 387
40 67 165
40 68 161
40 69 4
40 70 132
40 71 230
40 72 7
40 73 222
40 74 436
40 75 135
40 76 4
40 77 191
40 78 423
40 79 16
40 80 228
40 81 8
40 82 245
40 83 244
40 84 9
40 85 316
40 86 109
40 87 595
40 88 397
40 89 243
40 90 26
40 91 26
40 92 16
40 93 14
40 94 35
40 95 46
40 96 1
40 97 204
40 98 11
40 99 277
40 100 47
40 101 534
40 102 9
40 103 575
40 104 167
40 105 267
40 106 280
40 107 28
40 108 143
40 109 6
40 110 180
40 111 362
40 112 467
40 113 117
40 114 5
40 115 3
40 116 106
40 117 336
40 118 60
40 119 3
40 120 59
40 121 10
40 122 6
40 124 15
40 126 2
40 127 7
40 128 160
40 129 27
40 131 4
41 2 10
41 7 21
41 20 6
41 23 8
41 33 26
41 42 100
41 43 51
41 44 144
41 45 151
41 46 64
41 47 152
41 48 158
41 49 293
41 50 91
41 51 173
41 52 200
41 53 273
41 54 20
41 55 89
41 56 160
41 57 79
41 58 5
41 59 232
41 60 108
41 61 138
41 62 189
41 63 39
41 64 76
41 65 352
41 66 13
41 67 193
41 68 218
41 69 70
41 70 40
41 71 61
41 72 43
41 73 204
41 74 94
41 75 133
41 76 28
41 77 88
41 78 65
41 79 111
41 80 297
41 81 48
41 82 79
41 83 62
41 84 24
41 85 79
41 86 99
41 87 55
41 88 30
41 89 83
41 90 279
41 91 147
41 92 125
41 93 46
41 94 163
41 95 48
41 96 43
41 97 81
41 98 44
41 99 78
41 100 76
41 101 84
41 102 41
41 103 59
41 104 137
41 105 74
41 106 192
41 107 100
41 108 263
41 109 56
41 110 215
41 111 74
41 112 49
41 113 176
41 114 34
41 116 155
41 117 60
41 118 12
41 119 27
41 120 55
41 121 1
41 122 86
41 124 99
41 125 6
41 126 60
41 127 27
41 128 75
41 129 105
41 130 7
41 131 13
42 3 6
42 5 32
42 7 30
42 8 76
42 10 8
42 11 27
42 13 16
42 14 9
42 15 21
42 18 28
42 20 6
42 21 6
42 23 5
42 26 2
42 27 1
42 28 21
42 29 8
42 30 19
42 32 31
42 33 25
42 34 1
42 35 2
42 36 8
42 37 21
42 40 7
42 41 1
42 43 33
42 44 23
42 45 31
42 46 56
42 47 16
42 48 17
42 49 34
42 50 63
42 51 16
42 52 53
42 53 52
42 54 36
42 55 20
42 56 41
42 57 46
42 58 7
42 59 170
42 60 91
42 61 66
42 62 104
42 63 31
42 64 183
42 65 177
42 66 10
42 67 147
42 68 111
42 69 152
42 70 14
42 71 42
42 72 34
42 73 102
42 74 39
42 75 87
42 76 82
42 77 73
42 78 29
42 79 55
42 80 133
42 81 45
42 82 58
42 83 33
42 84 40
42 85 42
42 86 41
42 87 35
42 88 8
42 89 36
42 90 106
42 91 121
42 92 201
42 93 33
42 94 135
42 95 31
42 96 30
42 97 47
42 98 67
42 99 47
42 100 39
42 101 18
42 102 53
42 103 15
42 104 59
42 105 36
42 106 81
42 107 77
42 108 241
42 109 75
42 110 72
42 111 20
42 112 20
42 113 107
42 114 94
42 115 66
42 116 72
42 117 61
42 118 22
42 119 132
42 120 22
42 121 3
42 122 100
42 124 41
42 125 31
42 126 165
42 127 53
42 128 32
42 129 103
42 130 27
42 131 64
43 7 46
43 20 15
43 42 43
43 44 90
43 45 119
43 46 191
43 47 38
43 48 63
43 49 82
43 50 123
43 51 88
43 52 137
43 53 189
43 54 52
43 55 71
43 56 66
43 57 53
43 58 25
43 59 93
43 60 119
43 61 94
43 62 92
43 63 46
43 64 197
43 65 107
43 66 16
43 67 127
43 68 109
43 69 154
43 70 26
43 71 71
43 72 87
43 73 86
43 74 71
43 75 72
43 76 123
43 77 57
43 78 66
43 79 76
43 80 62
43 81 102
43 82 46
43 83 41
43 84 104
43 85 81
43 86 39
43 87 23
43 88 17
43 89 20
43 90 54
43 91 88
43 92 200
43 93 54
43 94 148
43 95 69
43 96 59
43 97 58
43 98 97
43 99 31
43 100 43
43 101 43
43 102 43
43 103 45
43 104 78
43 105 39
43 106 59
43 107 78
43 108 155
43 109 80
43 110 85
43 111 43
43 112 33
43 113 65
43 114 124
43 116 60
43 117 32
43 118 25
43 119 157
43 120 48
43 121 1
43 122 117
43 124 230
43 125 53
43 126 310
43 127 152
43 128 36
43 129 106
43 130 55
43 131 107
44 2 55
44 7 42
44 20 13
44 23 62
44 33 189
44 42 42
44 45 136
44 46 25
44 47 99
44 48 307
44 49 100
44 50 81
44 51 253
44 52 119
44 53 249
44 54 12
44 55 379
44 56 147
44 57 162
44 58 147
44 59 105
44 60 47
44 61 758
44 62 309
44 63 187
44 64 52
44 65 324
44 66 400
44 67 306
44 68 302
44 69 47
44 70 269
44 71 226
44 72 37
44 73 304
44 74 753
44 75 280
44 76 7
44 77 315
44 78 488
44 79 101
44 80 461
44 81 42
44 82 380
44 83 299
44 84 26
44 85 413
44 86 261
44 87 515
44 88 216
44 89 331
44 90 96
44 91 85
44 92 64
44 93 53
44 94 87
44 95 137
44 96 9
44 97 319
44 98 16
44 99 444
44 100 133
44 101 787
44 102 13
44 103 623
44 104 274
44 105 388
44 106 517
44 107 95
44 108 286
44 109 52
44 110 363
44 111 422
44 112 433
44 113 217
44 114 12
44 116 363
44 117 467
44 118 101
44 119 21
44 120 150
44 121 28
44 122 48
44 124 41
44 125 3
44 126 14
44 127 32
44 128 115
44 129 62
45 7 51
45 20 6
45 23 5
45 42 61
45 46 136
45 47 102
45 48 101
45 49 156
45 50 172
45 51 125
45 52 192
45 53 316
45 54 30
45 55 114
45 56 123
45 57 172
45 58 13
45 59 179
45 60 146
45 61 156
45 62 113
45 63 72
45 64 152
45 65 239
45 66 37
45 67 191
45 68 174
45 69 123
45 70 48
45 71 55
45 72 34
45 73 163
45 74 115
45 75 111
45 76 74
45 77 111
45 78 48
45 79 108
45 80 91
45 81 88
45 82 91
45 83 74
45 84 69
45 85 70
45 86 78
45 87 44
45 88 11
45 89 62
45 90 155
45 91 174
45 92 214
45 93 121
45 94 233
45 95 92
45 96 25
45 97 165
45 98 95
45 99 93
45 100 114
45 101 37
45 102 22
45 103 44
45 104 126
45 105 41
45 106 83
45 107 144
45 108 225
45 109 91
45 110 78
45 111 45
45 112 28
45 113 188
45 114 66
45 116 87
45 117 38
45 118 32
45 119 184
45 120 34
45 121 1
45 122 101
45 124 160
45 125 49
45 126 212
45 127 96
45 128 63
45 129 150
45 130 23
45 131 94
46 7 21
46 20 5
46 42 64
46 47 46
46 48 63
46 49 112
46 50 168
46 51 37
46 52 122
46 53 185
46 54 98
46 55 55
46 56 53
46 57 75
46 58 7
46 59 142
46 60 54
46 61 28
46 62 29
46 63 15
46 64 618
46 65 19
46 66 4
46 67 129
46 68 133
46 69 295
46 70 16
46 71 98
46 72 114
46 73 51
46 74 22
46 75 55
46 76 456
46 77 25
46 78 27
46 79 87
46 80 24
46 81 181
46 82 44
46 83 18
46 84 203
46 85 55
46 86 21
46 87 23
46 88 6
46 89 8
46 90 25
46 91 159
46 92 483
46 93 109
46 94 253
46 95 14
46 96 85
46 97 41
46 98 239
46 99 47
46 100 43
46 101 4
46 102 127
46 103 6
46 104 32
46 105 27
46 106 16
46 107 157
46 108 171
46 109 194
46 110 51
46 111 10
46 112 11
46 113 18
46 114 305
46 116 58
46 117 15
46 118 32
46 119 692
46 120 32
46 122 234
46 124 479
46 125 447
46 126 598
46 127 363
46 128 104
46 129 429
46 130 345
46 131 296
47 3 3
47 5 41
47 7 24
47 8 19
47 10 3
47 11 6
47 14 7
47 18 81
47 20 2
47 23 20
47 25 12
47 26 49
47 28 25
47 29 4
47 32 36
47 33 18
47 36 3
47 37 7
47 40 4
47 42 65
47 48 76
47 49 118
47 50 37
47 51 55
47 52 113
47 53 154
47 54 23
47 55 68
47 56 75
47 57 21
47 58 17
47 59 163
47 60 39
47 61 96
47 62 86
47 63 18
47 64 79
47 65 183
47 66 17
47 67 92
47 68 113
47 69 74
47 70 10
47 71 82
47 72 25
47 73 111
47 74 42
47 75 61
47 76 23
47 77 64
47 78 36
47 79 52
47 80 141
47 81 49
47 82 45
47 83 29
47 84 11
47 85 82
47 86 46
47 87 27
47 88 19
47 89 38
47 90 225
47 91 182
47 92 148
47 93 24
47 94 181
47 95 33
47 96 14
47 97 48
47 98 35
47 99 61
47 100 51
47 101 51
47 102 20
47 103 36
47 104 59
47 105 20
47 106 82
47 107 94
47 108 269
47 109 28
47 110 120
47 111 37
47 112 14
47 113 256
47 114 21
47 115 13
47 116 71
47 117 36
47 118 9
47 119 93
47 120 25
47 122 44
47 123 2
47 124 112
47 125 8
47 126 67
47 127 62
47 128 79
47 129 99
47 130 22
47 131 3
48 7 64
48 20 9
48 21 8
48 22 16
48 23 65
48 24 9
48 25 68
48 26 5
48 28 25
48 29 14
48 30 4
48 31 31
48 32 4
48 33 26
48 34 63
48 35 8
48 36 12
48 37 9
48 38 18
48 39 29
48 40 21
48 41 10
48 42 80
48 43 15
48 44 45
48 45 32
48 46 4
48 47 5
48 49 99
48 50 94
48 51 205
48 52 194
48 53 364
48 54 13
48 55 265
48 56 156
48 57 128
48 58 119
48 59 180
48 60 18
48 61 503
48 62 238
48 63 137
48 64 44
48 65 279
48 66 206
48 67 216
48 68 257
48 69 53
48 70 167
48 71 180
48 72 25
48 73 191
48 74 289
48 75 237
48 76 20
48 77 191
48 78 133
48 79 85
48 80 261
48 81 41
48 82 186
48 83 146
48 84 36
48 85 212
48 86 257
48 87 213
48 88 96
48 89 229
48 90 84
48 91 96
48 92 74
48 93 62
48 94 153
48 95 160
48 96 7
48 97 242
48 98 45
48 99 296
48 100 136
48 101 277
48 102 28
48 103 215
48 104 237
48 105 213
48 106 244
48 107 113
48 108 224
48 109 44
48 110 213
48 111 222
48 112 231
48 113 255
48 114 34
48 115 6
48 116 147
48 117 151
48 118 98
48 119 64
48 120 105
48 121 43
48 122 65
48 124 48
48 125 15
48 126 95
48 127 48
48 128 165
48 129 81
48 130 23
48 131 19
49 7 22
49 23 4
49 42 116
49 50 76
49 51 48
49 52 158
49 53 180
49 54 32
49 55 68
49 56 159
49 57 38
49 58 5
49 59 299
49 60 115
49 61 52
49 62 299
49 63 32
49 64 307
49 65 204
49 66 7
49 67 120
49 68 123
49 69 114
49 70 9
49 71 79
49 72 33
49 73 133
49 74 57
49 75 60
49 76 98
49 77 77
49 78 49
49 79 136
49 80 283
49 81 69
49 82 93
49 83 26
49 84 37
49 85 63
49 86 47
49 87 30
49 88 20
49 89 36
49 90 186
49 91 200
49 92 277
49 93 42
49 94 309
49 95 14
49 96 26
49 97 41
49 98 58
49 99 78
49 100 46
49 101 41
49 102 19
49 103 24
49 104 22
49 105 36
49 106 135
49 107 107
49 108 360
49 109 35
49 110 174
49 111 33
49 112 40
49 113 223
49 114 68
49 116 85
49 117 31
49 118 5
49 119 57
49 120 16
49 121 4
49 122 95
49 124 288
49 125 75
49 126 157
49 127 61
49 128 40
49 129 135
49 130 80
49 131 12
50 7 43
50 23 8
50 42 48
50 51 115
50 52 158
50 53 268
50 54 42
50 55 61
50 56 54
50 57 98
50 58 6
50 59 113
50 60 48
50 61 86
50 62 77
50 63 41
50 64 135
50 65 108
50 66 14
50 67 114
50 68 87
50 69 211
50 70 19
50 71 123
50 72 52
50 73 85
50 74 48
50 75 74
50 76 153
50 77 47
50 78 42
50 79 78
50 80 89
50 81 97
50 82 86
50 83 21
50 84 94
50 85 58
50 86 59
50 87 25
50 88 11
50 89 23
50 90 72
50 91 111
50 92 195
50 93 71
50 94 187
50 95 60
50 96 30
50 97 80
50 98 115
50 99 101
50 100 60
50 101 18
50 102 40
50 103 23
50 104 88
50 105 45
50 106 70
50 107 88
50 108 162
50 109 99
50 110 55
50 111 33
50 112 20
50 113 94
50 114 87
50 116 90
50 117 30
50 118 47
50 119 199
50 120 43
50 121 2
50 122 132
50 124 142
50 125 73
50 126 215
50 127 153
50 128 44
50 129 168
50 130 35
50 131 124
51 7 42
51 23 17
51 42 29
51 52 158
51 53 300
51 54 43
51 55 222
51 56 135
51 57 124
51 58 38
51 59 135
51 60 8
51 61 251
51 62 208
51 63 47
51 64 42
51 65 223
51 66 118
51 67 145
51 68 171
51 69 69
51 70 54
51 71 65
51 72 17
51 73 193
51 74 196
51 75 152
51 76 8
51 77 247
51 78 94
51 79 89
51 80 239
51 81 50
51 82 81
51 83 137
51 84 48
51 85 126
51 86 90
51 87 105
51 88 42
51 89 131
51 90 81
51 91 68
51 92 96
51 93 60
51 94 94
51 95 67
51 96 14
51 97 183
51 98 37
51 99 168
51 100 94
51 101 106
51 102 17
51 103 93
51 104 138
51 105 158
51 106 199
51 107 78
51 108 196
51 109 94
51 110 212
51 111 107
51 112 104
51 113 198
51 114 45
51 116 143
51 117 128
51 118 38
51 119 19
51 120 117
51 121 8
51 122 34
51 124 15
51 125 1
51 126 20
51 127 40
51 128 61
51 129 49
51 130 8
51 131 2
52 7 14
52 23 14
52 42 41
52 53 265
52 54 74
52 55 95
52 56 118
52 57 153
52 58 18
52 59 209
52 60 37
52 61 167
52 62 158
52 63 56
52 64 129
52 65 267
52 66 34
52 67 168
52 68 217
52 69 221
52 70 52
52 71 66
52 72 69
52 73 176
52 74 74
52 75 107
52 76 111
52 77 76
52 78 42
52 79 134
52 80 159
52 81 91
52 82 60
52 83 88
52 84 62
52 85 88
52 86 76
52 87 50
52 88 14
52 89 64
52 90 168
52 91 141
52 92 176
52 93 74
52 94 210
52 95 66
52 96 91
52 97 110
52 98 147
52 99 72
52 100 67
52 101 55
52 102 56
52 103 58
52 104 137
52 105 97
52 106 110
52 107 109
52 108 156
52 109 101
52 110 148
52 111 62
52 112 38
52 113 160
52 114 94
52 116 79
52 117 56
52 118 4
52 119 99
52 120 38
52 121 3
52 122 75
52 124 168
52 125 40
52 126 396
52 127 93
52 128 56
52 129 108
52 130 21
52 131 50
53 7 50
53 23 27
53 42 114
53 54 42
53 55 216
53 56 248
53 57 158
53 58 63
53 59 371
53 60 108
53 61 325
53 62 328
53 63 132
53 64 223
53 65 294
53 66 101
53 67 223
53 68 263
53 69 141
53 70 125
53 71 140
53 72 50
53 73 285
53 74 271
53 75 206
53 76 101
53 77 185
53 78 163
53 79 184
53 80 316
53 81 79
53 82 152
53 83 131
53 84 35
53 85 142
53 86 169
53 87 133
53 88 91
53 89 141
53 90 193
53 91 212
53 92 247
53 93 83
53 94 315
53 95 98
53 96 24
53 97 291
53 98 116
53 99 196
53 100 120
53 101 109
53 102 39
53 103 126
53 104 273
53 105 150
53 106 272
53 107 257
53 108 347
53 109 88
53 110 226
53 111 161
53 112 170
53 113 270
53 114 66
53 116 158
53 117 115
53 118 86
53 119 146
53 120 122
53 121 2
53 122 172
53 124 182
53 125 59
53 126 182
53 127 114
53 128 180
53 129 231
53 130 12
53 131 62
54 7 26
54 8 76
54 9 37
54 10 12
54 11 10
54 12 114
54 13 22
54 14 2
54 15 7
54 16 16
54 17 12
54 18 91
54 19 1
54 20 11
54 21 114
54 22 10
54 23 3
54 25 11
54 26 100
54 27 28
54 28 26
54 29 1
54 30 61
54 31 8
54 32 23
54 33 34
54 34 6
54 35 20
54 36 6
54 37 4
54 38 15
54 39 3
54 40 4
54 41 11
54 42 19
54 43 40
54 44 7
54 45 27
54 46 66
54 47 24
54 48 14
54 49 40
54 50 31
54 51 20
54 52 52
54 53 35
54 55 10
54 56 8
54 57 32
54 58 8
54 59 16
54 60 85
54 61 14
54 62 14
54 63 8
54 64 79
54 65 18
54 66 1
54 67 43
54 68 87
54 69 49
54 70 7
54 71 21
54 72 31
54 73 13
54 74 7
54 75 12
54 76 48
54 77 17
54 78 27
54 79 54
54 80 27
54 81 160
54 82 21
54 83 14
54 84 159
54 85 26
54 86 25
54 87 9
54 88 4
54 89 3
54 90 34
54 91 149
54 92 188
54 93 57
54 94 91
54 95 28
54 96 103
54 97 10
54 98 135
54 99 12
54 100 22
54 101 9
54 102 144
54 103 7
54 104 42
54 105 9
54 106 27
54 107 87
54 108 171
54 109 171
54 110 27
54 111 6
54 112 5
54 113 45
54 114 216
54 116 18
54 117 6
54 118 7
54 119 177
54 120 26
54 121 10
54 122 106
54 123 88
54 124 35
54 125 34
54 126 100
54 127 117
54 128 7
54 129 147
54 130 38
54 131 65
55 7 70
55 23 26
55 42 37
55 54 6
55 56 94
55 57 157
55 58 114
55 59 92
55 60 4
55 61 671
55 62 306
55 63 133
55 64 29
55 65 216
55 66 667
55 67 126
55 68 149
55 69 35
55 70 283
55 71 198
55 72 13
55 73 197
55 74 327
55 75 128
55 76 1
55 77 318
55 78 234
55 79 50
55 80 316
55 81 31
55 82 299
55 83 192
55 84 10
55 85 211
55 86 189
55 87 402
55 88 199
55 89 227
55 90 41
55 91 69
55 92 37
55 93 66
55 94 88
55 95 149
55 96 5
55 97 293
55 98 20
55 99 345
55 100 146
55 101 265
55 102 19
55 103 303
55 104 326
55 105 316
55 106 241
55 107 73
55 108 198
55 109 38
55 110 131
55 111 377
55 112 244
55 113 117
55 114 22
55 116 156
55 117 320
55 118 137
55 119 13
55 120 83
55 121 28
55 122 33
55 125 2
55 126 9
55 127 15
55 128 78
55 129 48
55 130 1
55 131 6
56 7 18
56 23 10
56 42 37
56 54 7
56 57 88
56 58 30
56 59 224
56 60 31
56 61 135
56 62 160
56 63 29
56 64 94
56 65 206
56 66 24
56 67 131
56 68 144
56 69 61
56 70 41
56 71 105
56 72 25
56 73 185
56 74 172
56 75 102
56 76 34
56 77 151
56 78 70
56 79 91
56 80 198
56 81 62
56 82 67
56 83 87
56 84 22
56 85 119
56 86 101
56 87 72
56 88 56
56 89 78
56 90 119
56 91 139
56 92 108
56 93 64
56 94 121
56 95 34
56 96 12
56 97 140
56 98 42
56 99 137
56 100 46
56 101 74
56 102 9
56 103 86
56 104 116
56 105 131
56 106 241
56 107 93
56 108 237
56 109 49
56 110 182
56 111 104
56 112 88
56 113 158
56 114 31
56 116 82
56 117 101
56 118 48
56 119 34
56 120 43
56 121 11
56 122 50
56 125 6
56 126 31
56 127 31
56 128 90
56 129 96
56 130 10
56 131 3
57 7 37
57 42 31
57 54 71
57 58 57
57 59 83
57 61 70
57 62 90
57 63 117
57 64 87
57 65 213
57 66 26
57 67 140
57 68 138
57 69 121
57 70 46
57 71 91
57 72 61
57 73 119
57 74 28
57 75 32
57 76 54
57 77 97
57 78 94
57 79 88
57 80 133
57 81 98
57 82 82
57 83 53
57 84 91
57 85 88
57 86 54
57 87 81
57 88 45
57 89 25
57 90 21
57 91 60
57 92 100
57 93 81
57 94 99
57 95 118
57 96 17
57 97 81
57 98 50
57 99 148
57 100 208
57 101 39
57 102 32
57 103 72
57 104 147
57 105 76
57 106 95
57 107 56
57 108 168
57 109 90
57 110 72
57 111 92
57 112 61
57 113 109
57 114 68
57 116 78
57 117 137
57 118 115
57 119 45
57 120 64
57 121 3
57 122 13
57 125 17
57 126 13
57 127 68
57 128 48
57 129 102
57 130 2
57 131 1
58 7 18
58 22 110
58 23 145
58 24 18
58 25 120
58 26 19
58 27 6
58 28 94
58 29 88
58 30 23
58 31 47
58 32 91
58 33 123
58 34 108
58 35 49
58 36 86
58 37 112
58 38 14
58 39 200
58 40 174
58 41 26
58 42 18
58 43 18
58 44 187
58 45 44
58 46 14
58 47 9
58 48 152
58 49 24
58 50 31
58 51 110
58 52 67
58 53 166
58 54 9
58 55 219
58 56 58
58 57 20
58 59 44
58 60 14
58 61 382
58 62 147
58 63 98
58 64 26
58 65 121
58 66 206
58 67 83
58 68 152
58 69 21
58 70 158
58 71 183
58 72 27
58 73 147
58 74 215
58 75 141
58 76 2
58 77 167
58 78 239
58 79 27
58 80 231
58 81 19
58 82 275
58 83 119
58 84 7
58 85 221
58 86 136
58 87 316
58 88 133
58 89 167
58 90 17
58 91 28
58 92 21
58 93 32
58 94 54
58 95 108
58 96 2
58 97 324
58 98 9
58 99 321
58 100 140
58 101 365
58 102 22
58 103 324
58 104 149
58 105 210
58 106 151
58 107 50
58 108 77
58 109 14
58 110 171
58 111 229
58 112 296
58 113 115
58 114 7
58 115 146
58 116 109
58 117 307
58 118 75
58 119 13
58 120 127
58 121 110
58 122 11
58 124 11
58 125 1
58 126 12
58 127 19
58 128 176
58 129 28
58 131 1
59 7 22
59 23 30
59 54 27
59 60 113
59 61 118
59 62 394
59 63 34
59 64 326
59 65 287
59 66 25
59 67 171
59 68 212
59 69 78
59 70 33
59 71 110
59 72 49
59 73 190
59 74 96
59 75 164
59 76 87
59 77 133
59 78 79
59 79 184
59 80 192
59 81 76
59 82 66
59 83 79
59 84 42
59 85 72
59 86 80
59 87 65
59 88 24
59 89 78
59 90 247
59 91 310
59 92 280
59 93 80
59 94 316
59 95 38
59 96 36
59 97 112
59 98 105
59 99 96
59 100 62
59 101 63
59 102 23
59 103 47
59 104 94
59 105 75
59 106 225
59 107 138
59 108 290
59 109 68
59 110 232
59 111 66
59 112 31
59 113 308
59 114 104
59 116 87
59 117 70
59 118 7
59 119 57
59 120 33
59 122 101
59 125 22
59 126 109
59 127 72
59 128 66
59 129 154
59 130 49
59 131 16
60 7 17
60 20 22
60 23 4
60 42 28
60 46 298
60 47 91
60 48 29
60 49 113
60 50 126
60 51 40
60 52 102
60 53 146
60 54 136
60 55 33
60 56 57
60 57 57
60 58 7
60 59 105
60 61 52
60 62 125
60 63 20
60 64 548
60 65 136
60 66 5
60 67 160
60 68 126
60 69 294
60 70 12
60 71 65
60 72 94
60 73 120
60 74 22
60 75 59
60 76 266
60 77 20
60 78 31
60 79 133
60 80 60
60 81 141
60 82 41
60 83 35
60 84 195
60 85 42
60 86 33
60 87 26
60 88 24
60 89 30
60 90 217
60 91 402
60 92 753
60 93 94
60 94 564
60 95 20
60 96 113
60 97 48
60 98 304
60 99 38
60 100 71
60 101 8
60 102 128
60 103 21
60 104 87
60 105 30
60 106 81
60 107 177
60 108 322
60 109 160
60 110 77
60 111 28
60 112 7
60 113 142
60 114 223
60 116 38
60 117 27
60 118 30
60 119 253
60 120 25
60 121 2
60 122 746
60 124 280
60 125 789
60 126 571
60 127 227
60 128 47
60 129 789
60 130 246
60 131 416
61 7 54
61 23 78
61 54 14
61 62 326
61 63 318
61 64 30
61 65 528
61 66 1748
61 67 186
61 68 232
61 69 46
61 70 452
61 71 193
61 72 18
61 73 319
61 74 382
61 75 230
61 76 6
61 77 359
61 78 448
61 79 57
61 80 456
61 81 55
61 82 256
61 83 306
61 84 12
61 85 365
61 86 244
61 87 710
61 88 227
61 89 393
61 90 91
61 91 78
61 92 48
61 93 45
61 94 127
61 95 160
61 96 4
61 97 672
61 98 26
61 99 354
61 100 98
61 101 415
61 102 6
61 103 413
61 104 484
61 105 256
61 106 499
61 107 116
61 108 267
61 109 38
61 110 247
61 111 839
61 112 368
61 113 170
61 114 13
61 117 340
61 118 93
61 119 6
61 120 259
61 121 7
61 122 48
61 125 2
61 126 14
61 127 18
61 128 95
61 129 56
61 130 1
62 5 57
62 7 46
62 8 18
62 11 1
62 14 8
62 18 84
62 23 24
62 33 8
62 40 1
62 42 2
62 54 15
62 63 79
62 64 144
62 65 261
62 66 125
62 67 221
62 68 262
62 69 37
62 70 114
62 71 139
62 72 28
62 73 270
62 74 192
62 75 145
62 76 44
62 77 189
62 78 123
62 79 109
62 80 357
62 81 39
62 82 144
62 83 98
62 84 10
62 85 156
62 86 109
62 87 147
62 88 51
62 89 91
62 90 94
62 91 193
62 92 135
62 93 63
62 94 127
62 95 83
62 96 4
62 97 267
62 98 28
62 99 182
62 100 67
62 101 180
62 102 15
62 103 157
62 104 198
62 105 147
62 106 263
62 107 130
62 108 393
62 109 63
62 110 232
62 111 156
62 112 100
62 113 276
62 114 13
62 117 175
62 118 58
62 119 23
62 120 94
62 121 13
62 122 98
62 125 18
62 126 58
62 127 33
62 128 85
62 129 84
62 130 39
62 131 2
63 7 26
63 54 10
63 64 19
63 65 86
63 66 100
63 67 52
63 68 50
63 69 13
63 70 66
63 71 83
63 72 15
63 73 80
63 74 104
63 75 62
63 76 9
63 77 73
63 78 70
63 79 49
63 80 194
63 81 21
63 82 75
63 83 40
63 84 16
63 85 88
63 86 60
63 87 106
63 88 25
63 89 50
63 90 14
63 91 25
63 92 26
63 93 29
63 94 41
63 95 101
63 96 11
63 97 119
63 98 14
63 99 78
63 100 71
63 101 142
63 102 5
63 103 157
63 104 85
63 105 98
63 106 118
63 107 24
63 108 70
63 109 33
63 110 42
63 111 67
63 112 79
63 113 95
63 114 10
63 117 63
63 118 39
63 119 6
63 120 48
63 122 18
63 125 4
63 126 2
63 127 5
63 128 37
63 129 26
63 130 3
63 131 11
64 7 9
64 23 2
64 54 127
64 65 76
64 66 7
64 67 152
64 68 103
64 69 407
64 70 19
64 71 62
64 72 104
64 73 69
64 74 21
64 75 67
64 76 420
64 77 32
64 78 39
64 79 143
64 80 78
64 81 190
64 82 43
64 83 29
64 84 215
64 85 24
64 86 24
64 87 12
64 88 3
64 89 16
64 90 103
64 91 435
64 92 806
64 93 69
64 94 457
64 95 17
64 96 216
64 97 34
64 98 352
64 99 23
64 100 19
64 101 18
64 102 177
64 103 8
64 104 25
64 105 26
64 106 83
64 107 178
64 108 283
64 109 138
64 110 63
64 111 25
64 112 5
64 113 169
64 114 299
64 117 10
64 118 25
64 119 681
64 120 23
64 121 3
64 122 602
64 125 599
64 126 957
64 127 387
64 128 42
64 129 377
64 130 227
64 131 477
65 3 54
65 5 38
65 7 48
65 10 48
65 11 27
65 13 67
65 14 104
65 15 17
65 18 37
65 23 75
65 32 35
65 33 91
65 36 31
65 37 80
65 40 61
65 42 35
65 54 38
65 66 204
65 67 345
65 68 365
65 69 94
65 70 118
65 71 223
65 72 34
65 73 304
65 74 295
65 75 197
65 76 17
65 77 232
65 78 298
65 79 150
65 80 363
65 81 125
65 82 293
65 83 176
65 84 26
65 85 262
65 86 163
65 87 255
65 88 108
65 89 167
65 90 162
65 91 142
65 92 114
65 93 55
65 94 185
65 95 143
65 96 8
65 97 193
65 98 60
65 99 222
65 100 120
65 101 219
65 102 25
65 103 162
65 104 259
65 105 217
65 106 242
65 107 169
65 108 387
65 109 91
65 110 281
65 111 205
65 112 234
65 113 290
65 114 32
65 115 10
65 117 206
65 118 36
65 119 21
65 120 83
65 121 3
65 122 75
65 123 6
65 125 9
65 126 59
65 127 45
65 128 64
65 129 70
65 130 11
65 131 16
66 3 82
66 5 1
66 7 4
66 10 77
66 11 5
66 13 109
66 14 60
66 15 20
66 23 27
66 32 3
66 33 32
66 36 24
66 37 27
66 40 132
66 65 1
66 67 71
66 68 80
66 69 8
66 70 48
66 71 68
66 72 1
66 73 164
66 74 596
66 75 54
66 77 144
66 78 336
66 79 3
66 80 163
66 81 6
66 82 156
66 83 220
66 85 150
66 86 100
66 87 809
66 88 204
66 89 263
66 90 7
66 91 6
66 92 5
66 93 9
66 94 19
66 95 122
66 96 1
66 97 666
66 98 9
66 99 342
66 100 35
66 101 257
66 102 1
66 103 1029
66 104 140
66 105 109
66 106 121
66 107 13
66 108 60
66 109 6
66 110 39
66 111 1681
66 112 675
66 113 71
66 114 1
66 115 16
66 117 227
66 118 51
66 119 5
66 120 34
66 121 5
66 122 5
66 126 1
66 127 2
66 128 27
66 129 4
66 131 2
67 3 19
67 5 24
67 7 44
67 10 55
67 11 61
67 13 94
67 14 48
67 15 22
67 18 77
67 23 82
67 32 47
67 33 83
67 36 51
67 37 32
67 40 74
67 42 11
67 54 36
67 65 13
67 68 307
67 69 63
67 70 65
67 71 271
67 72 75
67 73 267
67 74 285
67 75 275
67 76 55
67 77 231
67 78 212
67 79 92
67 80 376
67 81 76
67 82 230
67 83 147
67 84 99
67 85 225
67 86 154
67 87 191
67 88 79
67 89 136
67 90 111
67 91 148
67 92 152
67 93 90
67 94 186
67 95 73
67 96 28
67 97 143
67 98 95
67 99 199
67 100 102
67 101 207
67 102 60
67 103 138
67 104 136
67 105 148
67 106 197
67 107 134
67 108 372
67 109 110
67 110 252
67 111 144
67 112 136
67 113 217
67 114 81
67 115 8
67 117 255
67 118 30
67 119 75
67 120 58
67 121 6
67 122 45
67 123 2
67 125 21
67 126 73
67 127 90
67 128 75
67 129 165
67 130 8
67 131 2
68 3 19
68 5 8
68 7 46
68 10 27
68 11 30
68 13 99
68 14 83
68 15 4
68 18 27
68 23 69
68 29 2
68 32 14
68 33 61
68 36 75
68 37 56
68 40 36
68 42 4
68 65 13
68 66 2
68 67 47
68 69 4
68 70 45
68 71 166
68 73 177
68 74 246
68 75 113
68 76 6
68 77 174
68 78 121
68 79 30
68 80 241
68 82 182
68 83 65
68 85 83
68 86 59
68 87 104
68 88 47
68 89 53
68 90 100
68 91 42
68 92 27
68 93 66
68 94 36
68 96 1
68 97 65
68 98 10
68 99 98
68 101 105
68 103 60
68 104 146
68 105 206
68 106 298
68 107 200
68 108 305
68 109 48
68 110 234
68 111 201
68 112 157
68 113 209
68 114 90
68 115 11
68 117 138
68 119 93
68 120 68
68 121 9
68 122 69
68 123 3
68 125 11
68 126 16
68 127 7
68 128 9
68 129 15
68 130 3
69 7 23
69 54 169
69 68 54
69 70 17
69 71 49
69 72 97
69 73 76
69 74 20
69 75 57
69 76 273
69 77 27
69 78 16
69 79 54
69 80 53
69 81 155
69 82 27
69 83 19
69 84 162
69 85 47
69 86 54
69 87 17
69 88 5
69 89 9
69 90 111
69 91 283
69 92 455
69 93 86
69 94 235
69 95 32
69 96 130
69 97 38
69 98 295
69 99 37
69 100 27
69 101 10
69 102 125
69 103 22
69 104 62
69 105 17
69 106 24
69 107 161
69 108 231
69 109 162
69 110 61
69 111 13
69 112 11
69 113 75
69 114 160
69 117 3
69 118 38
69 119 378
69 120 35
69 121 3
69 122 312
69 125 151
69 126 679
69 127 219
69 128 23
69 129 202
69 130 119
69 131 479
70 7 20
70 23 16
70 54 6
70 65 3
70 68 104
70 71 83
70 72 11
70 73 83
70 74 196
70 75 44
70 76 4
70 77 142
70 78 134
70 79 14
70 80 195
70 81 19
70 82 92
70 83 139
70 84 7
70 85 126
70 86 64
70 87 160
70 88 107
70 89 98
70 90 4
70 91 16
70 92 18
70 93 19
70 94 23
70 95 60
70 96 1
70 97 199
70 98 5
70 99 172
70 100 70
70 101 215
70 102 8
70 103 198
70 104 125
70 105 215
70 106 144
70 107 30
70 108 118
70 109 21
70 110 89
70 111 167
70 112 129
70 113 25
70 114 7
70 117 45
70 118 36
70 119 14
70 120 70
70 121 7
70 122 12
70 126 4
70 127 3
70 128 39
70 129 17
71 3 52
71 5 9
71 7 24
71 11 19
71 13 50
71 14 46
71 15 4
71 18 44
71 23 77
71 33 103
71 36 33
71 37 26
71 40 35
71 42 16
71 54 14
71 65 3
71 68 96
71 72 43
71 73 224
71 74 318
71 75 168
71 76 17
71 77 172
71 78 242
71 79 34
71 80 283
71 81 51
71 82 305
71 83 126
71 84 62
71 85 193
71 86 60
71 87 171
71 88 88
71 89 160
71 90 60
71 91 50
71 92 87
71 93 51
71 94 67
71 95 55
71 96 7
71 97 214
71 98 52
71 99 330
71 100 64
71 101 308
71 102 13
71 103 167
71 104 105
71 105 246
71 106 164
71 107 75
71 108 428
71 109 40
71 110 171
71 111 273
71 112 148
71 113 194
71 114 86
71 115 34
71 117 81
71 118 96
71 119 45
71 120 38
71 121 3
71 122 20
71 123 2
71 125 2
71 126 37
71 127 45
71 128 104
71 129 112
71 130 5
72 7 21
72 54 25
72 68 76
72 73 40
72 74 19
72 75 22
72 76 14
72 77 25
72 78 15
72 79 23
72 80 26
72 81 70
72 82 9
72 83 14
72 84 73
72 85 29
72 86 17
72 87 11
72 88 4
72 89 8
72 90 72
72 91 42
72 92 60
72 93 52
72 94 95
72 95 19
72 96 39
72 97 16
72 98 106
72 99 52
72 100 80
72 101 6
72 102 43
72 103 6
72 104 25
72 105 18
72 106 25
72 107 30
72 108 57
72 109 84
72 110 29
72 111 8
72 112 9
72 113 26
72 114 85
72 118 4
72 119 69
72 120 26
72 122 38
72 125 12
72 126 36
72 127 45
72 128 34
72 129 144
72 130 4
73 3 2
73 7 6
73 11 11
73 13 16
73 14 4
73 15 1
73 18 11
73 23 24
73 33 3
73 36 9
73 37 5
73 40 13
73 42 1
73 54 13
73 65 8
73 68 133
73 74 299
73 75 205
73 76 20
73 77 201
73 78 140
73 79 75
73 80 307
73 81 58
73 82 153
73 83 182
73 84 31
73 85 166
73 86 100
73 87 169
73 88 65
73 89 118
73 90 110
73 91 129
73 92 60
73 93 41
73 94 140
73 95 98
73 96 10
73 97 210
73 98 27
73 99 208
73 100 63
73 101 207
73 102 18
73 103 170
73 104 287
73 105 184
73 106 238
73 107 69
73 108 253
73 109 43
73 110 149
73 111 160
73 112 183
73 113 164
73 114 31
73 117 49
73 118 61
73 119 41
73 120 69
73 121 11
73 122 52
73 125 3
73 126 25
73 127 15
73 128 55
73 129 54
73 130 13
74 1 11
74 3 83
74 5 1
74 7 21
74 10 19
74 11 21
74 13 109
74 14 51
74 15 21
74 18 12
74 23 85
74 25 1
74 29 5
74 33 15
74 36 54
74 37 66
74 40 133
74 42 7
74 54 10
74 65 19
74 66 28
74 67 5
74 68 138
74 71 2
74 73 33
74 75 217
74 76 1
74 77 267
74 78 481
74 79 38
74 80 339
74 81 13
74 82 332
74 83 273
74 84 14
74 85 255
74 86 191
74 87 622
74 88 270
74 89 252
74 90 50
74 91 60
74 92 42
74 93 35
74 94 89
74 95 60
74 96 9
74 97 168
74 98 22
74 99 294
74 100 159
74 101 557
74 102 8
74 103 452
74 104 178
74 105 398
74 106 346
74 107 57
74 108 232
74 109 22
74 110 203
74 111 335
74 112 472
74 113 164
74 114 7
74 115 4
74 117 111
74 118 107
74 119 14
74 120 152
74 121 19
74 122 19
74 125 2
74 126 27
74 127 15
74 128 89
74 129 51
74 130 3
75 3 10
75 5 31
75 7 2
75 11 13
75 13 71
75 14 47
75 15 6
75 18 20
75 23 68
75 33 104
75 36 32
75 37 56
75 40 58
75 42 4
75 54 24
75 65 20
75 68 79
75 73 20
75 76 26
75 77 155
75 78 169
75 79 68
75 80 330
75 81 50
75 82 142
75 83 90
75 84 38
75 85 135
75 86 84
75 87 197
75 88 52
75 89 133
75 90 91
75 91 112
75 92 75
75 93 30
75 94 91
75 95 59
75 96 6
75 97 137
75 98 37
75 99 247
75 100 48
75 101 189
75 102 18
75 103 130
75 104 171
75 105 139
75 106 181
75 107 66
75 108 273
75 109 51
75 110 256
75 111 199
75 112 121
75 113 249
75 114 31
75 115 11
75 117 55
75 119 41
75 120 67
75 121 8
75 122 30
75 125 12
75 126 20
75 127 19
75 128 32
75 129 95
75 130 3
76 7 1
76 23 1
76 65 1
76 68 12
76 77 13
76 78 9
76 79 38
76 80 38
76 81 53
76 82 11
76 83 11
76 84 97
76 85 7
76 86 8
76 87 1
76 88 5
76 89 8
76 90 28
76 91 148
76 92 405
76 93 38
76 94 280
76 96 287
76 97 12
76 98 320
76 99 11
76 100 1
76 101 5
76 102 43
76 103 4
76 104 6
76 105 4
76 106 33
76 107 34
76 108 157
76 109 103
76 110 24
76 111 10
76 112 3
76 113 64
76 114 230
76 119 644
76 120 11
76 122 341
76 125 515
76 126 855
76 127 239
76 128 26
76 129 237
76 130 455
77 3 28
77 5 22
77 7 18
77 11 62
77 13 125
77 14 78
77 15 18
77 18 35
77 23 72
77 33 34
77 40 48
77 42 5
77 65 6
77 68 122
77 73 31
77 78 216
77 79 35
77 80 360
77 81 24
77 82 292
77 83 122
77 84 22
77 85 175
77 86 140
77 87 321
77 88 112
77 89 172
77 90 49
77 91 41
77 92 79
77 93 35
77 94 66
77 95 82
77 96 6
77 97 243
77 98 20
77 99 305
77 100 84
77 101 315
77 102 16
77 103 188
77 104 167
77 105 201
77 106 231
77 107 73
77 108 215
77 109 22
77 110 195
77 111 228
77 112 246
77 113 149
77 114 29
77 115 6
77 117 98
77 119 19
77 120 66
77 121 3
77 122 20
77 123 1
77 125 3
77 126 24
77 127 17
77 128 81
77 129 45
77 130 2
78 3 52
78 5 4
78 7 11
78 11 9
78 13 129
78 14 46
78 15 2
78 18 55
78 23 93
78 33 14
78 40 126
78 42 6
78 65 4
78 68 128
78 73 23
78 79 26
78 80 309
78 81 19
78 82 272
78 83 191
78 84 20
78 85 218
78 86 131
78 87 329
78 88 319
78 89 222
78 90 45
78 91 75
78 92 55
78 93 18
78 94 45
78 95 57
78 96 5
78 97 244
78 98 21
78 99 335
78 100 96
78 101 430
78 102 10
78 103 367
78 104 133
78 105 258
78 106 232
78 107 46
78 108 143
78 109 24
78 110 174
78 111 316
78 112 348
78 113 88
78 114 17
78 115 9
78 117 176
78 119 14
78 120 43
78 122 14
78 123 7
78 125 7
78 126 8
78 127 22
78 128 120
78 129 27
78 130 4
79 2 7
79 7 21
79 10 46
79 11 74
79 12 50
79 13 63
79 14 51
79 15 21
79 16 18
79 17 48
79 18 266
79 19 13
79 20 5
79 21 157
79 22 26
79 23 33
79 24 1
79 25 46
79 26 201
79 27 43
79 28 70
79 29 3
79 30 193
79 31 3
79 32 103
79 33 74
79 34 88
79 35 142
79 36 33
79 37 57
79 38 17
79 39 17
79 40 28
79 41 128
79 42 103
79 43 42
79 44 73
79 45 46
79 46 65
79 47 63
79 48 41
79 49 226
79 50 57
79 51 41
79 52 70
79 53 133
79 54 24
79 55 28
79 56 125
79 57 25
79 58 25
79 59 225
79 60 161
79 61 35
79 62 177
79 63 10
79 64 152
79 65 122
79 66 6
79 67 114
79 68 165
79 69 59
79 70 21
79 71 48
79 72 7
79 73 73
79 74 27
79 75 42
79 76 115
79 77 57
79 78 51
79 80 227
79 81 93
79 82 81
79 83 64
79 84 64
79 85 94
79 86 70
79 87 31
79 88 26
79 89 72
79 90 170
79 91 359
79 92 228
79 93 34
79 94 237
79 95 38
79 96 26
79 97 77
79 98 131
79 99 128
79 100 103
79 101 53
79 102 56
79 103 30
79 104 176
79 105 64
79 106 143
79 107 264
79 108 475
79 109 73
79 110 145
79 111 60
79 112 46
79 113 270
79 114 86
79 115 18
79 116 100
79 117 29
79 118 11
79 119 79
79 120 49
79 121 13
79 122 147
79 123 272
79 124 164
79 125 48
79 126 154
79 127 105
79 128 93
79 129 234
79 130 127
79 131 101
80 3 27
80 5 12
80 7 56
80 15 5
80 18 34
80 23 59
80 33 21
80 42 18
80 65 19
80 68 120
80 73 62
80 81 38
80 82 247
80 83 168
80 84 16
80 85 205
80 86 208
80 87 245
80 88 99
80 89 276
80 90 187
80 91 173
80 92 110
80 93 70
80 94 114
80 95 132
80 96 10
80 97 337
80 98 35
80 99 299
80 100 139
80 101 218
80 102 14
80 103 213
80 104 182
80 105 201
80 106 304
80 107 191
80 108 341
80 109 56
80 110 306
80 111 202
80 112 182
80 113 331
80 114 29
80 115 5
80 117 64
80 119 33
80 120 130
80 121 9
80 122 78
80 123 11
80 125 3
80 128 86
80 129 80
81 7 27
81 68 78
81 82 18
81 83 22
81 84 189
81 85 44
81 86 41
81 87 19
81 88 3
81 89 9
81 90 65
81 91 148
81 92 224
81 93 105
81 94 93
81 95 42
81 96 48
81 97 25
81 98 98
81 99 37
81 100 81
81 101 12
81 102 37
81 103 18
81 104 61
81 105 24
81 106 39
81 107 90
81 108 156
81 109 151
81 110 25
81 111 17
81 112 18
81 113 64
81 114 146
81 119 109
81 120 27
81 121 3
81 122 91
81 125 33
81 128 6
81 129 124
82 5 18
82 7 31
82 15 11
82 18 29
82 23 30
82 33 3
82 42 18
82 68 51
82 73 9
82 83 62
82 84 8
82 85 99
82 86 54
82 87 121
82 88 44
82 89 127
82 90 12
82 91 11
82 92 22
82 93 23
82 94 35
82 95 43
82 96 2
82 97 65
82 98 20
82 99 99
82 100 67
82 101 34
82 102 7
82 103 49
82 104 74
82 105 76
82 106 73
82 107 41
82 108 71
82 109 28
82 110 150
82 111 318
82 112 177
82 113 138
82 114 10
82 119 38
82 120 69
82 122 22
82 125 1
82 128 43
82 129 18
83 7 9
83 23 42
83 65 2
83 68 63
83 82 171
83 84 20
83 85 144
83 86 104
83 87 220
83 88 152
83 89 108
83 90 17
83 91 59
83 92 20
83 93 22
83 94 59
83 95 62
83 96 1
83 97 305
83 98 24
83 99 244
83 100 44
83 101 255
83 102 3
83 103 258
83 104 163
83 105 180
83 106 204
83 107 46
83 108 132
83 109 37
83 110 146
83 111 218
83 112 162
83 113 99
83 114 8
83 117 46
83 119 13
83 120 75
83 122 11
83 128 101
83 129 18
84 7 27
84 68 157
84 82 1
84 85 50
84 86 11
84 87 2
84 89 5
84 90 21
84 91 123
84 92 205
84 93 98
84 94 79
84 95 21
84 96 44
84 97 10
84 98 109
84 99 23
84 100 39
84 101 5
84 102 126
84 103 6
84 104 12
84 105 9
84 106 13
84 107 71
84 108 186
84 109 113
84 110 12
84 111 14
84 112 6
84 113 33
84 114 173
84 119 260
84 120 21
84 121 1
84 122 89
84 125 34
84 128 5
84 129 233
85 2 6
85 3 7
85 7 54
85 8 6
85 10 6
85 11 12
85 13 73
85 14 31
85 15 6
85 18 10
85 23 77
85 25 38
85 26 19
85 28 30
85 29 20
85 30 6
85 32 44
85 33 65
85 34 69
85 35 2
85 36 33
85 37 49
85 39 5
85 40 97
85 41 27
85 42 13
85 43 2
85 44 59
85 45 4
85 47 11
85 48 25
85 49 19
85 50 13
85 51 29
85 52 18
85 53 6
85 55 25
85 56 16
85 58 6
85 59 11
85 60 5
85 61 48
85 62 10
85 64 2
85 65 74
85 66 38
85 67 94
85 68 156
85 70 6
85 71 28
85 73 105
85 74 60
85 75 35
85 77 69
85 78 71
85 79 13
85 80 96
85 82 182
85 83 10
85 86 120
85 87 309
85 88 176
85 89 185
85 90 63
85 91 67
85 92 76
85 93 44
85 94 73
85 95 107
85 96 2
85 97 250
85 98 34
85 99 339
85 100 82
85 101 417
85 102 13
85 103 259
85 104 204
85 105 234
85 106 246
85 107 91
85 108 191
85 109 30
85 110 219
85 111 234
85 112 287
85 113 121
85 114 24
85 115 49
85 116 40
85 117 80
85 119 23
85 120 49
85 121 23
85 122 23
85 124 9
85 125 4
85 127 6
85 128 89
85 129 77
86 7 20
86 65 9
86 68 90
86 82 92
86 87 169
86 88 77
86 89 104
86 90 54
86 91 66
86 92 48
86 93 18
86 94 49
86 95 36
86 96 2
86 97 141
86 98 21
86 99 165
86 100 49
86 101 137
86 102 11
86 103 97
86 104 145
86 105 121
86 106 220
86 107 43
86 108 155
86 109 26
86 110 153
86 111 123
86 112 85
86 113 117
86 114 15
86 117 34
86 119 7
86 120 50
86 121 4
86 122 26
86 125 1
86 128 27
86 129 26
87 7 19
87 15 17
87 33 21
87 65 4
87 68 62
87 73 30
87 82 93
87 88 193
87 89 275
87 90 31
87 91 39
87 92 24
87 93 14
87 94 64
87 95 109
87 97 258
87 98 5
87 99 194
87 100 95
87 101 359
87 102 3
87 103 387
87 104 186
87 105 298
87 106 234
87 107 37
87 108 153
87 109 20
87 110 127
87 111 417
87 112 427
87 113 117
87 114 7
87 117 156
87 119 6
87 120 45
87 121 21
87 122 15
87 128 26
87 129 36
88 7 9
88 65 1
88 68 41
88 82 126
88 89 160
88 90 13
88 91 8
88 92 13
88 93 11
88 94 13
88 95 31
88 97 115
88 98 2
88 99 171
88 100 47
88 101 474
88 102 2
88 103 279
88 104 116
88 105 250
88 106 91
88 107 5
88 108 79
88 109 4
88 110 80
88 111 186
88 112 224
88 113 41
88 114 2
88 117 83
88 119 3
88 120 30
88 121 25
88 122 7
88 128 90
88 129 13
89 7 39
89 10 7
89 14 5
89 33 17
89 40 1
89 65 6
89 67 5
89 68 49
89 71 9
89 73 41
89 74 10
89 78 4
89 82 84
89 85 35
89 90 61
89 91 41
89 92 38
89 93 18
89 94 23
89 95 52
89 97 189
89 98 5
89 99 207
89 100 38
89 101 244
89 102 4
89 103 253
89 104 137
89 105 208
89 106 209
89 107 42
89 108 122
89 109 19
89 110 133
89 111 181
89 112 175
89 113 105
89 114 5
89 117 50
89 119 14
89 120 40
89 121 8
89 122 13
89 125 1
89 128 65
89 129 35
90 7 5
90 33 4
90 65 10
90 68 64
90 73 12
90 82 22
90 91 169
90 92 138
90 93 31
90 94 227
90 95 16
90 96 30
90 97 31
90 98 32
90 99 72
90 100 64
90 101 36
90 102 35
90 103 17
90 104 50
90 105 36
90 106 145
90 107 53
90 108 156
90 109 64
90 110 141
90 111 43
90 112 17
90 113 103
90 114 42
90 117 20
90 119 61
90 120 18
90 122 140
90 125 19
90 128 8
90 129 94
91 1 85
91 3 5
91 5 116
91 7 12
91 8 134
91 10 6
91 11 42
91 13 22
91 14 20
91 15 45
91 18 230
91 22 31
91 23 6
91 25 15
91 26 156
91 28 74
91 29 7
91 32 20
91 33 33
91 36 10
91 37 30
91 40 7
91 42 31
91 47 70
91 62 6
91 65 48
91 67 62
91 68 111
91 71 29
91 73 30
91 74 8
91 75 45
91 77 28
91 78 22
91 80 105
91 82 35
91 85 7
91 87 5
91 89 9
91 90 25
91 92 466
91 93 36
91 94 498
91 95 18
91 96 180
91 97 49
91 98 126
91 99 51
91 100 26
91 101 51
91 102 75
91 103 37
91 104 77
91 105 23
91 106 100
91 107 444
91 108 625
91 109 115
91 110 157
91 111 31
91 112 24
91 113 244
91 114 163
91 115 55
91 116 44
91 117 20
91 119 200
91 120 11
91 122 93
91 123 173
91 124 38
91 125 42
91 128 54
91 129 314
92 7 25
92 65 3
92 68 119
92 82 19
92 93 59
92 94 620
92 95 32
92 96 144
92 97 35
92 98 467
92 99 52
92 100 57
92 101 33
92 102 136
92 103 15
92 104 58
92 105 42
92 106 138
92 107 173
92 108 302
92 109 132
92 110 122
92 111 37
92 112 16
92 113 202
92 114 214
92 117 11
92 119 371
92 120 22
92 122 642
92 125 377
92 128 21
92 129 477
93 68 38
93 94 33
93 95 24
93 96 11
93 97 16
93 98 22
93 99 17
93 100 35
93 101 4
93 102 26
93 103 3
93 104 16
93 105 28
93 106 13
93 107 34
93 108 81
93 109 38
93 110 14
93 111 5
93 112 1
93 113 23
93 114 56
93 119 14
93 120 1
93 122 12
93 129 60
94 3 4
94 5 224
94 7 39
94 8 29
94 10 5
94 11 32
94 13 27
94 14 13
94 15 3
94 18 158
94 23 3
94 25 11
94 26 70
94 28 32
94 29 2
94 32 40
94 33 38
94 36 11
94 37 11
94 40 2
94 42 31
94 62 58
94 65 22
94 67 21
94 68 172
94 71 31
94 73 14
94 74 3
94 75 4
94 77 15
94 78 14
94 80 43
94 82 26
94 85 8
94 87 2
94 89 5
94 90 41
94 93 25
94 95 38
94 96 92
94 97 95
94 98 328
94 99 104
94 100 43
94 101 44
94 102 64
94 103 40
94 104 143
94 105 72
94 106 82
94 107 283
94 108 406
94 109 108
94 110 121
94 111 55
94 112 24
94 113 241
94 114 96
94 115 5
94 116 23
94 117 10
94 119 13
94 120 36
94 122 765
94 123 12
94 124 112
94 125 589
94 129 432
95 7 50
95 68 89
95 82 2
95 93 16
95 96 7
95 97 127
95 98 5
95 99 91
95 100 88
95 101 26
95 102 8
95 103 71
95 104 145
95 105 97
95 106 91
95 107 17
95 108 61
95 109 42
95 110 61
95 111 128
95 112 78
95 113 98
95 114 15
95 120 83
95 121 22
95 122 18
95 125 3
95 129 22
96 7 1
96 68 26
96 93 4
96 97 8
96 98 62
96 99 2
96 100 8
96 101 2
96 102 81
96 103 1
96 104 24
96 105 1
96 106 8
96 107 52
96 108 60
96 109 30
96 110 4
96 111 1
96 112 3
96 113 10
96 114 133
96 119 240
96 120 12
96 122 57
96 125 172
96 129 116
97 7 23
97 68 137
97 82 92
97 93 19
97 98 45
97 99 349
97 100 81
97 101 260
97 102 7
97 103 249
97 104 247
97 105 267
97 106 210
97 107 76
97 108 221
97 109 44
97 110 140
97 111 334
97 112 189
97 113 135
97 114 10
97 117 53
97 119 10
97 120 104
97 121 17
97 122 26
97 125 2
98 3 2
98 5 66
98 7 14
98 8 11
98 10 4
98 11 2
98 13 4
98 14 3
98 15 2
98 18 84
98 25 13
98 26 26
98 28 5
98 29 1
98 32 12
98 33 9
98 36 3
98 37 28
98 40 2
98 42 7
98 62 55
98 65 31
98 67 17
98 68 85
98 71 8
98 73 11
98 75 5
98 77 1
98 78 1
98 80 11
98 82 4
98 85 11
98 89 8
98 90 26
98 91 6
98 93 21
98 96 26
98 99 34
98 100 17
98 101 11
98 102 74
98 103 5
98 104 29
98 105 3
98 106 21
98 107 61
98 108 111
98 109 95
98 110 33
98 111 3
98 112 22
98 113 79
98 114 237
98 115 6
98 116 7
98 117 2
98 119 79
98 120 19
98 122 431
98 125 448
99 3 40
99 5 18
99 7 29
99 8 67
99 10 93
99 11 9
99 13 100
99 14 82
99 15 25
99 18 21
99 23 34
99 25 86
99 26 16
99 28 28
99 29 82
99 32 36
99 33 63
99 36 53
99 37 43
99 40 76
99 42 38
99 65 78
99 66 30
99 67 90
99 68 179
99 71 52
99 73 52
99 74 105
99 75 31
99 77 48
99 78 63
99 80 56
99 82 263
99 85 46
99 87 87
99 89 64
99 90 22
99 93 21
99 100 104
99 101 440
99 102 11
99 103 427
99 104 207
99 105 259
99 106 314
99 107 52
99 108 219
99 109 42
99 110 218
99 111 422
99 112 265
99 113 169
99 114 10
99 115 36
99 116 76
99 117 187
99 119 5
99 120 86
99 121 16
99 122 28
99 123 1
99 125 6
100 7 39
100 68 86
100 82 1
100 93 18
100 101 98
100 102 23
100 103 85
100 104 73
100 105 71
100 106 102
100 107 37
100 108 88
100 109 36
100 110 100
100 111 118
100 112 76
100 113 86
100 114 50
100 119 8
100 120 69
100 121 14
100 122 35
100 125 1
101 3 78
101 5 13
101 7 13
101 8 37
101 10 95
101 11 30
101 13 111
101 14 101
101 15 117
101 18 1
101 23 17
101 26 2
101 28 34
101 29 120
101 32 12
101 33 94
101 36 64
101 37 45
101 40 172
101 42 7
101 65 89
101 66 127
101 67 126
101 68 152
101 71 44
101 73 62
101 74 199
101 75 56
101 77 131
101 78 178
101 80 68
101 82 195
101 85 59
101 87 209
101 89 66
101 90 8
101 91 1
101 93 11
101 102 3
101 103 844
101 104 143
101 105 334
101 106 506
101 107 35
101 108 195
101 109 23
101 110 312
101 111 383
101 112 481
101 113 130
101 114 5
101 115 48
101 116 30
101 117 280
101 119 4
101 120 44
101 121 23
101 122 16
101 123 4
101 125 1
102 7 14
102 42 42
102 43 127
102 44 10
102 45 75
102 46 365
102 47 44
102 48 23
102 49 27
102 50 137
102 51 22
102 52 78
102 53 69
102 54 27
102 55 6
102 56 35
102 57 18
102 59 57
102 60 189
102 61 26
102 62 33
102 63 4
102 64 322
102 65 22
102 66 2
102 67 37
102 68 90
102 69 213
102 71 33
102 72 17
102 73 6
102 74 3
102 75 18
102 76 244
102 77 18
102 78 14
102 79 34
102 80 16
102 81 66
102 82 18
102 83 6
102 84 96
102 85 18
102 86 7
102 87 7
102 88 2
102 89 6
102 90 21
102 91 148
102 92 312
102 93 36
102 94 149
102 95 7
102 96 107
102 97 13
102 98 147
102 99 4
102 100 5
102 101 5
102 103 4
102 104 46
102 105 18
102 106 26
102 107 104
102 108 187
102 109 113
102 110 21
102 111 11
102 112 24
102 113 41
102 114 237
102 116 40
102 117 6
102 118 21
102 119 583
102 120 17
102 121 3
102 122 245
102 124 217
102 125 246
102 126 485
102 127 269
102 128 16
102 129 179
102 130 224
102 131 387
103 3 60
103 5 3
103 7 15
103 8 32
103 10 54
103 11 5
103 13 89
103 14 36
103 15 30
103 18 12
103 23 15
103 28 15
103 29 87
103 32 12
103 33 56
103 36 32
103 37 54
103 40 110
103 42 1
103 65 45
103 66 161
103 67 63
103 68 115
103 71 33
103 73 45
103 74 143
103 75 27
103 77 39
103 78 141
103 80 33
103 82 199
103 85 30
103 87 148
103 89 10
103 90 6
103 93 17
103 104 137
103 105 245
103 106 303
103 107 38
103 108 155
103 109 10
103 110 195
103 111 369
103 112 523
103 113 123
103 114 3
103 115 37
103 117 146
103 120 53
103 121 7
103 122 13
103 123 2
104 82 86
104 93 41
104 105 134
104 106 186
104 107 95
104 108 335
104 109 82
104 110 87
104 111 196
104 112 154
104 113 115
104 114 42
104 120 71
104 121 21
104 122 37
105 31 3
105 32 1
105 34 2
105 37 16
105 39 6
105 40 16
105 43 5
105 44 17
105 45 1
105 51 1
105 55 9
105 56 5
105 57 5
105 58 19
105 59 1
105 61 10
105 62 1
105 63 3
105 64 1
105 65 3
105 66 10
105 68 3
105 70 2
105 72 1
105 74 5
105 75 1
105 77 7
105 78 19
105 80 7
105 81 1
105 82 250
105 83 3
105 84 5
105 85 13
105 86 1
105 87 3
105 88 31
105 89 10
105 92 1
105 93 10
105 95 2
105 97 5
105 99 9
105 100 19
105 101 2
105 103 25
105 106 249
105 107 51
105 108 251
105 109 36
105 110 212
105 111 365
105 112 273
105 113 113
105 114 11
105 117 20
105 118 19
105 119 12
105 120 68
105 121 3
105 128 11
106 82 82
106 93 30
106 107 63
106 108 285
106 109 38
106 110 291
106 111 209
106 112 291
106 113 234
106 114 27
106 119 15
106 120 69
107 2 23
107 3 1
107 14 1
107 15 2
107 18 14
107 23 5
107 32 30
107 33 25
107 34 117
107 35 97
107 36 11
107 37 29
107 40 12
107 41 45
107 42 33
107 44 37
107 47 41
107 49 156
107 56 53
107 59 102
107 60 59
107 62 86
107 64 95
107 65 30
107 66 1
107 67 63
107 68 41
107 71 20
107 73 56
107 74 28
107 75 33
107 76 24
107 77 15
107 78 44
107 79 27
107 80 77
107 82 41
107 83 8
107 85 34
107 86 11
107 87 16
107 88 18
107 89 14
107 90 50
107 91 140
107 92 55
107 93 29
107 94 61
107 96 11
107 98 1
107 99 34
107 101 35
107 103 7
107 105 3
107 106 59
107 108 422
107 109 93
107 110 146
107 111 61
107 112 49
107 113 147
107 114 98
107 116 76
107 117 15
107 119 19
107 120 27
107 122 11
107 124 160
107 125 4
107 126 22
107 129 30
107 130 36
107 131 1
108 3 20
108 5 77
108 11 50
108 14 58
108 15 8
108 18 162
108 23 36
108 33 14
108 42 27
108 73 49
108 80 96
108 82 305
108 85 21
108 87 12
108 89 31
108 90 48
108 91 4
108 93 61
108 107 74
108 109 116
108 110 260
108 111 157
108 112 172
108 113 373
108 114 189
108 115 21
108 120 28
108 123 9
109 68 14
109 82 3
109 84 29
109 85 16
109 86 2
109 87 1
109 90 6
109 91 11
109 92 21
109 93 35
109 94 19
109 96 5
109 98 7
109 99 8
109 100 11
109 106 2
109 107 4
109 108 11
109 110 34
109 111 15
109 112 12
109 113 49
109 114 194
109 119 18
109 120 29
109 122 3
109 125 11
109 129 15
110 93 17
110 111 148
110 112 189
110 113 208
110 114 23
111 93 7
111 112 275
111 113 128
111 114 5
112 5 2
112 8 2
112 10 6
112 13 4
112 14 15
112 15 3
112 18 3
112 22 6
112 23 11
112 25 11
112 29 4
112 32 3
112 33 14
112 36 2
112 37 2
112 42 2
112 65 1
112 66 4
112 67 15
112 68 2
112 71 2
112 73 43
112 74 2
112 77 1
112 78 20
112 80 7
112 82 8
112 85 9
112 87 68
112 89 7
112 90 8
112 93 12
112 99 4
112 101 1
112 103 1
112 107 3
112 113 65
112 114 8
112 115 3
112 117 11
112 123 1
113 5 58
113 18 187
113 23 24
113 33 13
113 42 12
113 73 19
113 85 12
113 87 10
113 89 28
113 90 49
113 91 11
113 93 32
113 107 85
113 114 48
114 93 115
115 2 54
115 3 11
115 5 1
115 7 10
115 10 13
115 11 17
115 13 70
115 14 21
115 15 29
115 18 30
115 20 12
115 23 57
115 29 264
115 30 41
115 31 46
115 32 122
115 33 157
115 34 169
115 35 37
115 36 163
115 37 265
115 38 8
115 39 333
115 40 489
115 41 30
115 42 18
115 43 42
115 44 308
115 45 52
115 46 13
115 47 30
115 48 144
115 49 58
115 50 29
115 51 54
115 52 47
115 53 122
115 55 238
115 56 57
115 57 80
115 58 93
115 59 63
115 60 24
115 61 286
115 62 112
115 63 46
115 64 15
115 65 223
115 66 191
115 67 224
115 68 118
115 69 4
115 70 89
115 71 276
115 72 4
115 73 169
115 74 345
115 75 213
115 76 9
115 77 296
115 78 383
115 79 18
115 80 183
115 81 7
115 82 357
115 83 176
115 84 2
115 85 212
115 86 81
115 87 283
115 88 269
115 89 335
115 90 23
115 91 25
115 92 21
115 93 12
115 94 52
115 95 69
115 97 152
115 98 3
115 99 406
115 100 60
115 101 371
115 102 19
115 103 268
115 104 137
115 105 264
115 106 200
115 107 67
115 108 195
115 109 13
115 110 195
115 111 370
115 112 306
115 113 65
115 114 2
115 116 132
115 117 338
115 118 62
115 119 5
115 120 31
115 121 72
115 122 9
115 124 35
115 125 1
115 126 10
115 127 22
115 128 162
115 129 33
116 3 23
116 5 8
116 7 31
116 8 88
116 10 21
116 11 28
116 13 65
116 14 56
116 15 28
116 18 47
116 23 68
116 28 37
116 29 8
116 32 66
116 33 33
116 36 27
116 37 31
116 40 44
116 42 25
116 46 12
116 47 25
116 48 33
116 49 124
116 50 35
116 51 25
116 52 11
116 53 61
116 54 56
116 55 25
116 56 33
116 58 4
116 59 91
116 60 56
116 61 319
116 62 254
116 63 81
116 64 110
116 65 299
116 66 228
116 67 385
116 68 185
116 69 54
116 70 76
116 71 308
116 72 20
116 73 163
116 74 368
116 75 230
116 76 21
116 77 171
116 78 200
116 79 117
116 80 484
116 81 48
116 82 267
116 83 117
116 84 53
116 85 230
116 86 119
116 87 182
116 88 120
116 89 171
116 90 99
116 91 128
116 92 89
116 93 48
116 94 145
116 95 96
116 97 326
116 98 32
116 99 250
116 100 102
116 101 209
116 102 31
116 103 158
116 104 177
116 105 241
116 106 235
116 107 103
116 108 374
116 109 74
116 110 193
116 111 163
116 112 99
116 113 318
116 114 26
116 115 71
116 117 193
116 118 56
116 119 10
116 120 54
116 121 8
116 122 47
116 123 20
116 124 108
116 125 11
116 126 51
116 127 34
116 128 160
116 129 64
116 130 14
116 131 12
117 3 25
117 5 3
117 7 24
117 10 17
117 11 10
117 13 96
117 14 92
117 15 26
117 18 10
117 23 49
117 32 52
117 33 64
117 36 28
117 37 26
117 40 39
117 54 10
117 65 11
117 66 10
117 67 6
117 68 151
117 69 20
117 70 173
117 71 123
117 72 17
117 73 185
117 74 242
117 75 121
117 76 10
117 77 153
117 78 290
117 79 19
117 80 153
117 81 8
117 82 340
117 83 82
117 84 10
117 85 144
117 86 58
117 87 219
117 88 139
117 89 138
117 90 8
117 91 12
117 92 24
117 93 23
117 94 23
117 95 103
117 96 2
117 97 229
117 98 9
117 99 210
117 100 92
117 101 247
117 102 9
117 103 174
117 104 104
117 105 317
117 106 189
117 107 28
117 108 217
117 109 16
117 110 125
117 111 287
117 112 319
117 113 74
117 114 12
117 115 4
117 118 133
117 119 5
117 120 62
117 121 5
117 122 21
117 125 1
117 126 3
117 127 8
117 128 123
117 129 35
117 130 1
118 7 35
118 54 34
118 68 58
118 75 33
118 76 1
118 77 61
118 78 129
118 79 18
118 80 136
118 81 12
118 82 43
118 83 44
118 84 28
118 85 60
118 86 31
118 87 64
118 88 67
118 89 75
118 90 2
118 91 18
118 92 32
118 93 26
118 94 54
118 95 96
118 96 5
118 97 47
118 98 17
118 99 73
118 100 57
118 101 133
118 102 8
118 103 77
118 104 43
118 105 67
118 106 99
118 107 13
118 108 24
118 109 13
118 110 30
118 111 172
118 112 87
118 113 30
118 114 19
118 119 11
118 120 71
118 121 6
118 122 6
118 126 5
118 127 12
118 128 114
118 129 24
118 130 2
119 7 1
119 68 39
119 82 13
119 93 14
119 94 181
119 95 6
119 96 351
119 97 6
119 98 247
119 99 10
119 100 2
119 101 6
119 102 67
119 103 3
119 104 15
119 105 14
119 106 43
119 107 46
119 108 107
119 109 41
119 110 40
119 111 12
119 112 9
119 113 49
119 114 368
119 117 1
119 120 20
119 122 138
119 125 296
119 129 117
120 93 9
120 110 67
120 111 60
120 112 73
120 113 81
120 114 15
121 7 24
121 20 6
121 31 110
121 32 54
121 33 74
121 34 75
121 35 37
121 36 60
121 37 70
121 38 7
121 39 163
121 40 74
121 41 24
121 42 19
121 43 48
121 44 90
121 45 28
121 46 20
121 47 9
121 48 68
121 49 36
121 50 54
121 51 60
121 52 11
121 53 58
121 54 4
121 55 76
121 56 53
121 57 50
121 58 34
121 59 21
121 60 4
121 61 99
121 62 50
121 63 49
121 64 14
121 65 72
121 66 48
121 67 56
121 68 39
121 69 36
121 70 44
121 71 92
121 72 28
121 73 39
121 74 72
121 75 32
121 76 16
121 77 67
121 78 81
121 79 9
121 80 50
121 81 12
121 82 48
121 83 43
121 84 29
121 85 65
121 86 40
121 87 65
121 88 80
121 89 48
121 90 6
121 91 9
121 92 12
121 93 33
121 94 13
121 95 42
121 96 4
121 97 110
121 98 13
121 99 99
121 100 85
121 101 130
121 102 21
121 103 105
121 104 60
121 105 100
121 106 82
121 107 17
121 108 63
121 109 46
121 110 80
121 111 115
121 112 105
121 113 20
121 114 24
121 116 57
121 117 54
121 118 66
121 119 10
121 120 60
121 122 8
121 125 1
121 126 7
121 127 15
121 128 83
121 129 44
121 130 1
122 5 183
122 18 148
122 42 1
122 67 24
122 82 22
122 93 7
122 96 12
122 105 31
122 106 52
122 107 54
122 108 129
122 109 66
122 110 45
122 111 13
122 112 9
122 113 109
122 114 118
122 119 29
122 120 12
122 121 7
123 1 16
123 2 10
123 3 13
123 5 182
123 7 25
123 8 101
123 10 4
123 11 17
123 13 6
123 14 31
123 15 10
123 17 43
123 18 829
123 19 13
123 20 30
123 21 388
123 22 43
123 23 80
123 24 9
123 25 108
123 26 629
123 27 385
123 28 166
123 29 10
123 30 425
123 31 28
123 32 298
123 33 143
123 34 142
123 35 267
123 36 84
123 37 66
123 38 43
123 39 26
123 40 41
123 41 107
123 42 301
123 43 200
123 44 83
123 45 197
123 46 407
123 47 192
123 48 94
123 49 338
123 50 213
123 51 109
123 52 165
123 53 187
123 54 104
123 55 37
123 56 168
123 57 110
123 58 32
123 59 335
123 60 651
123 61 66
123 62 217
123 63 20
123 64 510
123 65 114
123 66 3
123 67 156
123 68 145
123 69 452
123 70 29
123 71 119
123 72 68
123 73 156
123 74 51
123 75 136
123 76 330
123 77 77
123 78 104
123 79 190
123 80 159
123 81 192
123 82 48
123 83 36
123 84 169
123 85 81
123 86 83
123 87 42
123 88 13
123 89 58
123 90 229
123 91 534
123 92 577
123 93 139
123 94 519
123 95 41
123 96 152
123 97 44
123 98 331
123 99 99
123 100 22
123 101 46
123 102 346
123 103 40
123 104 107
123 105 54
123 106 121
123 107 295
123 108 360
123 109 166
123 110 183
123 111 25
123 112 15
123 113 254
123 114 165
123 115 55
123 116 199
123 117 30
123 118 23
123 119 238
123 120 48
123 121 16
123 122 342
123 124 906
123 125 245
123 126 958
123 127 192
123 128 23
123 129 429
123 130 276
123 131 296
124 5 82
124 7 10
124 8 13
124 11 10
124 13 5
124 14 1
124 15 1
124 18 203
124 23 12
124 25 11
124 26 121
124 28 24
124 32 24
124 33 13
124 37 6
124 40 1
124 42 142
124 54 85
124 55 10
124 56 85
124 57 59
124 58 8
124 59 372
124 60 331
124 61 15
124 62 279
124 63 23
124 64 923
124 65 46
124 66 4
124 67 150
124 68 99
124 69 332
124 70 18
124 71 118
124 72 79
124 73 70
124 74 36
124 75 50
124 76 484
124 77 47
124 78 51
124 79 191
124 80 152
124 81 138
124 82 79
124 83 5
124 84 128
124 85 64
124 86 38
124 87 13
124 88 20
124 89 28
124 90 174
124 91 413
124 92 1060
124 93 42
124 94 784
124 95 10
124 96 282
124 97 35
124 98 690
124 99 61
124 100 19
124 101 17
124 102 158
124 103 15
124 104 34
124 105 32
124 106 98
124 107 199
124 108 444
124 109 169
124 110 104
124 111 24
124 112 19
124 113 245
124 114 306
124 115 4
124 116 92
124 117 21
124 118 12
124 119 396
124 120 6
124 122 934
124 123 1
124 125 1535
124 126 1088
124 127 250
124 128 52
124 129 897
124 130 565
124 131 718
125 5 159
125 7 2
125 8 2
125 18 161
125 28 2
125 32 34
125 37 1
125 42 3
125 54 41
125 62 90
125 67 18
125 68 5
125 69 135
125 70 1
125 71 6
125 72 4
125 73 3
125 74 3
125 75 2
125 76 26
125 77 1
125 78 1
125 79 10
125 80 4
125 81 51
125 82 5
125 84 36
125 90 13
125 91 52
125 92 67
125 93 12
125 94 29
125 96 176
125 97 1
125 98 49
125 99 1
125 101 1
125 102 88
125 103 1
125 104 2
125 105 4
125 106 27
125 107 55
125 108 64
125 109 11
125 110 5
125 111 2
125 112 1
125 113 37
125 114 182
125 116 11
125 118 4
125 119 262
125 120 1
125 122 532
125 123 2
125 126 36
125 127 39
125 128 1
125 129 37
125 130 40
125 131 91
126 7 1
126 68 53
126 80 34
126 81 94
126 82 14
126 83 19
126 84 187
126 85 15
126 86 7
126 87 13
126 88 7
126 89 6
126 90 76
126 91 224
126 92 1132
126 93 17
126 94 850
126 95 4
126 96 280
126 97 39
126 98 930
126 99 24
126 100 3
126 101 14
126 102 136
126 103 4
126 104 14
126 105 19
126 106 44
126 107 76
126 108 168
126 109 42
126 110 32
126 111 13
126 112 4
126 113 79
126 114 285
126 117 4
126 119 1150
126 120 1
126 122 1188
126 125 1287
126 127 540
126 128 21
126 129 643
127 7 4
127 23 3
127 65 1
127 68 48
127 80 29
127 81 120
127 82 19
127 83 24
127 84 126
127 85 12
127 86 8
127 87 10
127 88 6
127 89 14
127 90 51
127 91 160
127 92 274
127 93 62
127 94 152
127 95 6
127 96 85
127 97 27
127 98 157
127 99 26
127 100 16
127 101 18
127 102 88
127 103 4
127 104 16
127 105 19
127 106 26
127 107 74
127 108 101
127 109 118
127 110 32
127 111 14
127 112 9
127 113 24
127 114 181
127 117 6
127 119 385
127 120 10
127 122 231
127 125 154
127 128 34
127 129 186
128 7 2
128 23 2
128 65 3
128 67 5
128 68 100
128 69 6
128 70 2
128 71 2
128 73 8
128 75 3
128 76 2
128 77 2
128 79 8
128 80 5
128 82 106
128 83 6
128 89 11
128 90 2
128 91 4
128 92 1
128 93 13
128 94 68
128 95 14
128 96 3
128 97 60
128 98 29
128 99 76
128 100 22
128 101 195
128 102 5
128 103 50
128 104 42
128 105 181
128 106 117
128 107 50
128 108 237
128 109 24
128 110 192
128 111 94
128 112 54
128 113 79
128 114 14
128 117 34
128 119 54
128 120 20
128 122 4
128 125 1
128 129 55
129 3 6
129 5 112
129 7 32
129 8 94
129 10 8
129 11 42
129 13 18
129 14 2
129 15 20
129 18 98
129 23 8
129 25 20
129 26 87
129 28 56
129 29 4
129 32 72
129 33 40
129 36 12
129 37 34
129 40 7
129 42 48
129 62 24
129 65 19
129 66 2
129 67 56
129 68 130
129 71 16
129 73 38
129 74 21
129 75 34
129 77 10
129 78 39
129 80 77
129 82 28
129 85 1
129 87 2
129 89 17
129 90 32
129 91 15
129 93 69
129 96 7
129 97 53
129 98 317
129 99 105
129 100 54
129 101 62
129 102 94
129 103 33
129 104 24
129 105 58
129 106 83
129 107 112
129 108 256
129 109 84
129 110 73
129 111 35
129 112 23
129 113 167
129 114 278
129 115 10
129 116 55
129 117 8
129 119 27
129 120 68
129 122 199
129 124 57
129 125 111
130 11 2
130 12 71
130 16 1
130 17 1
130 18 126
130 21 130
130 26 252
130 27 374
130 28 4
130 30 166
130 32 20
130 33 2
130 34 12
130 35 33
130 36 1
130 37 1
130 38 5
130 40 2
130 41 2
130 42 46
130 43 90
130 44 2
130 45 39
130 46 207
130 47 11
130 49 21
130 50 85
130 51 3
130 52 43
130 53 52
130 54 11
130 55 1
130 56 1
130 59 23
130 60 119
130 61 1
130 62 13
130 64 295
130 65 7
130 66 1
130 67 19
130 68 12
130 69 229
130 71 1
130 72 32
130 73 3
130 74 4
130 75 3
130 76 470
130 78 8
130 79 33
130 80 28
130 81 65
130 82 3
130 83 5
130 84 55
130 85 10
130 86 2
130 87 1
130 88 7
130 89 3
130 90 29
130 91 105
130 92 583
130 93 13
130 94 311
130 96 412
130 97 1
130 98 455
130 99 7
130 100 18
130 101 3
130 102 243
130 103 2
130 104 3
130 105 3
130 106 20
130 107 23
130 108 80
130 109 18
130 110 33
130 111 6
130 112 2
130 113 52
130 114 188
130 116 7
130 119 615
130 120 3
130 121 2
130 122 572
130 123 236
130 124 280
130 125 497
130 126 1113
130 127 334
130 129 270
130 131 672
131 7 2
131 54 22
131 68 9
131 71 3
131 72 94
131 73 1
131 75 1
131 76 1216
131 77 3
131 79 15
131 80 2
131 81 53
131 83 2
131 84 79
131 85 4
131 86 4
131 88 1
131 89 4
131 90 7
131 91 47
131 92 506
131 93 4
131 94 289
131 96 592
131 98 327
131 100 5
131 102 92
131 103 1
131 104 3
131 106 3
131 107 14
131 108 1
131 109 27
131 111 1
131 112 1
131 113 8
131 114 328
131 118 2
131 119 1015
131 122 396
131 125 481
131 126 1271
131 127 314
131 128 1
131 129 169
131 130 450
