%%MatrixMarket matrix coordinate integer general
300 300 749
1 39 1
1 87 1
1 99 1
1 117 1
1 135 1
1 283 1
2 92 1
2 275 1
2 285 1
3 8 1
3 51 1
3 68 1
3 85 1
3 147 2
4 61 1
4 100 1
4 108 1
4 111 1
4 184 1
4 202 1
4 295 1
5 6 1
5 149 1
5 297 1
6 48 1
6 63 1
6 85 1
6 138 1
6 180 1
6 222 1
6 246 1
7 51 1
7 80 1
7 120 1
7 145 1
7 212 1
8 29 1
8 42 2
8 156 1
8 214 1
8 270 1
9 58 1
9 118 2
9 186 1
9 271 1
10 28 1
10 106 2
10 211 1
10 247 1
10 281 1
11 16 1
11 196 1
11 292 1
11 295 1
12 32 1
12 124 1
12 130 1
12 245 1
12 259 1
12 299 1
13 29 1
13 95 1
13 114 1
13 153 1
13 236 1
14 180 1
14 190 1
14 197 1
15 63 1
15 100 1
15 252 1
15 263 1
15 298 1
16 34 1
16 152 1
16 227 1
16 255 1
16 289 1
17 25 1
17 128 1
17 139 1
17 198 1
18 62 1
18 67 1
18 100 1
18 234 1
19 111 1
19 178 1
19 185 1
19 225 1
20 41 1
20 43 1
20 57 1
20 63 1
20 103 1
20 298 1
21 67 1
21 85 1
21 120 1
21 183 1
21 264 1
22 27 1
22 125 1
22 151 1
22 216 1
22 224 1
22 227 1
22 275 1
23 31 1
23 167 1
23 218 1
23 236 1
23 242 1
23 297 1
23 300 1
24 49 1
24 74 1
24 113 1
24 191 1
24 243 1
24 278 1
25 58 1
25 86 1
25 145 2
25 229 1
26 169 1
26 192 1
27 148 1
27 157 1
27 215 1
27 269 1
27 292 1
28 71 1
28 137 1
28 293 1
29 96 1
30 95 1
30 141 1
30 183 1
30 218 1
30 223 1
30 226 1
30 264 1
30 298 2
31 41 1
31 45 2
31 54 1
31 189 1
31 218 1
31 245 1
31 249 1
32 61 1
32 219 1
32 276 1
33 35 1
33 87 1
33 93 2
33 163 1
33 164 1
33 237 1
34 72 1
34 208 1
34 218 1
34 241 1
34 242 1
35 160 1
35 221 1
35 244 1
36 108 1
36 141 1
36 160 1
36 173 1
36 295 1
38 39 1
38 81 1
38 139 1
38 211 1
39 91 1
39 129 1
39 228 1
39 287 1
39 291 1
39 298 1
40 53 1
40 59 1
40 104 1
40 121 1
40 152 1
40 174 1
40 179 1
40 199 1
40 246 1
41 69 1
41 270 1
41 287 1
41 295 1
42 55 1
42 78 1
42 128 1
42 147 1
42 178 1
42 184 1
42 279 1
42 299 1
43 50 1
43 116 1
43 166 1
44 152 1
44 244 1
44 281 1
45 131 1
45 193 1
45 217 1
45 220 1
45 229 1
45 283 1
46 86 1
46 198 1
46 284 1
47 120 1
47 271 1
48 56 1
48 139 1
48 210 1
49 85 1
49 87 1
49 113 2
49 162 1
50 56 1
50 85 1
50 137 1
50 180 1
50 188 1
51 75 1
51 82 1
51 92 1
51 94 1
51 98 1
51 195 1
51 259 1
51 291 1
52 72 1
52 93 1
52 112 1
52 160 1
52 169 1
52 197 1
52 247 1
53 82 1
53 99 1
53 143 1
53 164 1
53 194 1
53 255 1
54 114 2
54 139 1
54 169 1
54 195 1
54 220 1
55 102 1
55 123 1
55 173 1
55 174 1
55 199 1
55 224 1
56 147 1
56 224 1
56 261 1
57 277 1
57 279 1
58 66 1
58 115 1
58 134 2
58 155 1
58 162 1
58 167 1
58 236 1
58 253 1
58 291 1
59 111 1
59 237 1
59 250 1
59 275 1
60 106 1
60 125 1
60 138 1
60 267 1
60 293 1
60 298 1
62 72 1
62 125 1
62 137 1
62 151 1
62 181 1
62 197 1
62 271 1
63 192 1
63 241 1
63 296 1
64 113 1
64 214 1
65 77 1
66 170 1
66 192 1
66 214 1
66 253 1
67 90 1
67 98 1
67 109 1
67 116 1
67 222 1
68 85 1
68 94 1
68 236 1
69 117 1
69 130 1
69 170 1
69 196 1
70 177 1
70 290 1
71 73 1
71 78 1
71 88 1
71 92 1
71 236 1
71 243 1
72 101 1
72 116 1
72 121 1
72 148 1
72 150 1
72 156 1
72 191 1
72 192 1
74 96 1
74 171 1
74 228 1
74 267 1
74 288 1
75 101 1
75 204 1
75 205 1
75 273 1
76 81 1
76 212 1
76 223 1
77 228 1
77 242 1
77 259 1
78 226 1
78 251 1
78 261 1
78 270 1
79 160 1
79 201 1
79 219 1
79 235 1
79 272 1
79 283 2
80 140 1
80 155 1
80 218 1
80 252 1
81 206 2
81 220 1
81 290 1
82 130 1
82 222 1
83 129 1
84 158 1
84 170 1
84 248 1
84 281 1
85 123 1
85 166 1
85 270 1
85 281 1
86 93 1
86 124 1
86 145 1
86 231 1
86 242 1
86 244 1
87 153 1
87 175 1
87 196 1
87 247 1
88 186 1
88 232 1
88 288 1
89 116 1
89 179 1
89 218 1
89 249 1
90 108 1
90 260 1
91 100 1
91 116 1
91 120 1
91 261 1
92 224 1
93 150 1
93 175 1
93 190 1
94 238 1
94 297 1
95 193 1
95 217 1
95 234 1
96 133 1
96 231 1
97 213 1
98 100 1
98 144 1
98 230 1
99 103 1
99 141 1
99 177 1
99 178 1
99 249 1
100 146 1
100 167 1
100 293 1
101 151 1
101 240 1
101 273 1
102 164 1
102 261 1
102 274 1
103 105 1
103 136 1
103 150 1
103 282 1
103 297 1
104 105 1
104 113 1
104 133 1
104 147 1
104 230 1
104 255 1
104 294 1
105 278 1
106 170 1
106 200 1
106 237 1
107 143 1
107 227 1
108 135 1
108 150 1
108 155 1
108 184 1
108 285 1
109 171 1
109 269 1
109 285 1
109 286 1
110 161 1
110 255 1
111 212 1
111 216 1
111 299 1
112 127 1
112 130 1
112 169 1
112 213 1
112 232 1
113 190 1
113 259 1
114 193 1
114 214 1
114 217 1
114 234 1
114 252 1
115 183 1
115 286 1
116 156 1
116 269 1
117 123 1
117 169 1
117 253 1
117 281 1
118 217 1
119 121 1
119 168 1
119 255 1
119 259 1
120 156 1
121 130 1
121 167 1
121 202 1
121 246 1
121 283 1
121 296 1
121 299 1
122 169 2
122 202 1
122 232 1
122 237 1
123 142 1
123 249 1
123 272 1
124 212 1
125 169 1
125 178 1
125 197 1
125 240 1
125 285 1
126 211 1
126 264 1
127 225 1
127 243 1
127 297 1
128 176 1
129 155 1
129 258 1
130 172 1
130 222 2
130 232 1
131 139 1
131 162 1
132 140 1
132 288 1
132 290 1
134 137 1
134 199 1
134 209 1
134 222 1
134 231 1
135 170 1
135 197 1
136 166 1
137 149 1
137 242 1
137 261 1
138 150 1
138 238 1
139 154 1
139 205 1
139 230 1
139 239 1
139 299 1
140 165 1
140 181 1
140 245 1
143 167 1
143 173 1
143 289 1
145 243 1
146 219 1
147 204 1
147 209 1
147 222 1
147 254 1
147 279 1
148 278 1
149 207 1
150 171 1
151 217 1
151 218 1
151 226 1
151 255 1
151 294 1
152 195 1
152 218 1
152 245 1
152 249 1
152 265 1
152 274 1
152 281 1
153 191 1
153 196 1
153 260 1
153 268 1
153 271 1
154 194 1
154 293 1
155 227 1
156 158 1
156 171 1
158 255 1
159 178 1
159 238 1
159 267 1
159 274 1
160 259 1
161 169 1
161 230 1
161 243 1
161 245 1
162 185 1
162 194 1
162 198 1
162 233 1
162 234 1
162 236 1
163 183 1
164 174 1
165 275 1
165 276 1
165 299 1
166 266 1
167 182 1
167 187 1
167 231 1
167 233 1
167 274 1
167 284 1
168 275 1
168 282 1
169 171 1
169 215 1
170 188 1
170 213 1
171 193 1
171 277 1
172 196 1
173 179 1
174 227 1
174 275 1
174 278 1
174 289 1
175 258 1
175 278 1
177 282 1
178 245 1
178 282 1
179 190 1
179 197 1
179 248 1
179 276 1
181 218 1
181 243 1
182 228 1
183 207 1
183 252 1
184 205 1
184 211 1
186 298 1
188 228 1
188 239 1
190 203 1
190 295 1
191 240 1
192 236 1
192 251 1
192 273 1
193 194 1
193 228 1
194 222 1
194 273 1
194 284 1
195 234 1
195 242 1
195 248 1
195 252 1
195 270 1
196 264 1
196 283 1
196 290 1
197 274 1
198 205 1
198 227 1
199 207 1
199 208 1
199 253 1
199 264 1
201 242 1
202 255 1
204 296 2
205 207 1
205 216 1
205 273 1
205 276 1
206 280 1
206 281 1
207 278 1
207 285 1
207 292 1
208 241 1
208 255 1
209 255 1
209 279 1
209 288 1
210 232 1
211 282 1
212 240 1
212 291 1
213 237 1
213 298 1
214 226 1
215 224 1
215 279 1
216 281 1
217 245 1
218 244 1
218 264 1
219 267 1
219 284 1
221 266 1
222 238 1
222 255 1
223 245 1
224 286 1
225 243 1
226 265 1
226 282 1
227 259 1
229 230 1
232 261 1
232 297 1
234 277 1
235 242 1
235 272 1
236 250 1
236 255 1
238 248 1
238 257 1
238 280 1
238 291 1
239 249 1
239 254 1
240 285 1
240 300 1
241 274 1
243 256 1
243 287 1
244 255 1
244 260 1
244 264 1
244 299 1
245 265 1
246 254 1
246 270 1
250 288 1
252 268 1
252 274 1
252 282 1
256 278 1
257 259 1
257 261 1
260 286 1
264 281 1
266 274 1
270 279 1
271 272 1
274 288 1
274 294 1
275 291 2
286 287 1
