%%MatrixMarket matrix coordinate integer general
300 300 944
1 78 1
1 180 1
1 184 1
1 193 1
1 222 1
1 247 1
1 258 1
1 292 1
2 246 1
2 279 1
3 15 1
3 90 1
3 144 1
3 166 1
4 15 1
4 63 1
4 64 1
4 164 1
4 183 1
4 188 1
4 194 1
4 207 1
4 238 1
4 281 1
4 295 1
5 30 1
5 57 1
5 68 1
5 108 1
5 187 2
5 200 1
5 216 1
5 233 1
5 278 1
6 18 1
6 23 1
6 63 1
6 97 2
6 114 1
6 133 1
6 226 1
6 254 1
6 298 1
8 33 1
8 125 1
8 157 1
8 177 1
8 190 1
9 18 1
9 29 1
9 89 1
9 98 1
9 225 1
9 247 1
9 261 1
10 33 1
10 46 1
10 150 1
10 175 1
11 32 1
11 55 1
11 98 1
11 115 1
11 135 1
11 192 1
11 239 1
12 30 1
12 56 1
12 67 1
12 81 1
12 94 1
12 125 1
12 136 1
12 172 1
12 279 1
13 14 1
13 58 1
13 64 1
13 76 1
13 87 1
13 127 1
13 158 1
13 239 1
13 253 1
14 66 1
14 117 1
14 130 1
14 259 2
15 69 1
15 72 1
15 89 1
15 101 1
15 185 1
15 291 1
16 47 1
16 90 1
16 93 1
16 114 1
16 140 1
16 166 1
16 197 1
16 251 1
17 295 1
18 108 1
18 283 1
19 57 1
19 79 1
19 115 1
19 125 1
19 199 1
19 212 1
19 269 1
19 288 1
20 51 1
20 132 1
20 165 1
20 168 1
20 186 1
20 193 1
20 199 1
20 223 1
21 43 1
21 66 1
21 103 1
21 104 1
21 170 1
21 184 1
21 185 1
22 34 1
22 129 2
22 150 1
22 167 1
22 254 1
22 278 1
23 53 1
23 66 1
23 72 1
23 85 1
23 89 1
23 92 1
23 204 1
24 145 1
24 162 1
24 215 1
24 217 1
25 95 1
25 163 1
25 165 1
25 170 1
25 210 1
25 273 1
25 276 1
26 34 1
26 56 1
26 99 1
26 106 1
26 152 1
26 237 1
26 263 1
26 267 1
27 89 1
27 98 1
27 117 1
27 237 1
28 228 1
28 246 1
28 255 1
28 264 1
28 268 1
28 290 1
28 299 1
29 105 1
29 246 1
29 257 1
30 83 1
30 101 1
30 172 1
30 173 1
30 183 1
30 246 1
30 295 1
31 64 1
31 99 1
31 107 1
31 128 1
31 199 1
31 210 1
31 228 1
31 267 1
31 282 1
32 98 1
32 100 1
32 143 1
32 144 1
32 163 1
32 170 1
32 175 1
32 211 1
32 243 1
32 265 1
33 44 1
33 80 1
33 87 1
33 88 1
33 100 1
33 105 1
33 110 1
33 155 1
33 232 1
33 236 1
33 260 1
33 266 1
34 69 1
34 118 1
34 277 1
34 278 1
35 50 1
35 59 1
35 95 2
35 204 1
35 212 1
35 257 1
35 273 1
35 277 1
36 37 1
36 117 1
36 131 1
36 140 1
36 141 1
36 222 1
36 236 1
36 294 1
37 220 1
38 47 1
38 150 2
38 180 1
38 192 1
38 218 1
38 228 1
38 269 1
39 110 1
39 126 1
39 162 1
39 209 1
39 221 1
39 236 1
39 249 1
39 256 1
40 48 1
40 119 1
40 135 1
40 170 1
40 176 1
40 186 1
40 200 1
41 82 1
41 96 1
41 100 1
41 257 1
41 259 1
42 56 1
42 67 1
42 84 1
42 121 1
42 196 1
42 293 1
43 51 1
43 79 1
43 92 1
43 99 1
43 116 1
43 173 1
44 70 1
44 72 1
44 73 1
44 130 1
44 159 1
44 199 1
44 249 1
44 273 1
45 82 1
45 140 1
45 167 1
45 174 1
45 246 1
45 259 1
45 268 1
46 64 1
46 69 1
46 86 1
46 134 1
46 147 1
46 203 1
46 208 1
46 213 1
46 254 1
47 126 1
47 159 1
47 195 1
47 272 1
47 273 1
48 51 1
48 90 1
48 123 2
48 139 1
49 198 1
49 227 1
49 240 1
50 57 1
50 161 1
50 170 1
50 173 2
50 187 1
50 241 1
50 250 1
50 270 1
51 79 1
51 98 1
51 184 1
51 190 1
51 268 1
51 270 1
51 292 1
52 64 1
52 119 1
52 204 1
52 213 1
52 215 1
52 275 1
53 185 1
53 200 1
53 223 1
53 281 1
53 285 1
53 296 1
54 158 1
54 197 1
54 205 1
54 288 1
55 62 1
55 86 1
55 101 1
55 106 1
55 127 1
55 162 2
55 189 1
55 223 1
55 254 1
55 294 1
56 108 1
56 113 2
56 147 1
56 218 1
56 235 1
57 74 1
57 147 1
57 166 1
57 179 1
58 117 1
58 192 1
58 194 1
58 213 1
58 218 1
58 253 1
58 265 1
59 249 1
59 294 1
59 299 1
60 277 1
61 136 1
61 211 1
62 76 1
62 127 1
62 218 1
62 239 1
63 114 1
63 118 1
63 124 1
63 152 1
63 167 1
63 195 1
63 241 1
64 78 1
64 109 1
64 146 1
65 100 1
65 116 1
65 141 1
65 159 1
65 257 1
66 102 1
66 170 1
66 200 1
66 254 1
66 256 1
66 280 1
67 99 1
67 106 1
67 135 1
67 153 1
67 156 1
67 161 1
67 191 1
67 235 1
67 251 1
67 294 1
68 74 1
68 79 1
68 152 1
68 161 2
68 245 1
68 246 1
69 75 1
69 119 1
69 162 1
69 217 1
69 218 1
69 223 1
69 274 1
70 126 1
70 148 1
70 199 2
70 221 1
71 166 1
71 235 1
71 277 1
72 95 1
72 97 1
73 164 1
73 241 1
73 261 1
73 264 1
73 277 1
73 300 1
74 99 1
74 216 1
74 279 2
75 110 1
75 115 1
75 208 1
75 276 1
76 98 1
76 163 1
76 243 1
77 94 1
77 111 1
77 195 1
77 261 1
78 89 1
78 104 1
78 131 1
78 146 1
78 183 1
78 185 1
78 189 1
78 293 1
79 92 1
79 285 1
80 147 1
80 235 1
80 262 1
80 276 1
81 100 1
81 107 1
81 162 1
81 180 1
81 228 1
81 271 1
81 286 1
82 200 1
83 124 1
83 208 1
83 225 1
83 287 1
84 152 1
84 190 1
84 224 1
84 226 1
84 245 1
85 89 1
85 132 1
85 133 1
85 163 1
85 171 1
85 200 1
85 281 1
86 87 1
86 175 1
86 205 1
86 220 1
86 259 1
86 267 1
86 294 1
87 105 1
87 110 1
87 190 2
87 209 1
87 260 1
87 282 1
87 284 1
88 251 1
89 151 1
89 233 1
90 116 1
90 120 1
90 136 1
90 226 1
90 262 1
90 284 1
91 99 1
91 157 1
91 208 1
91 234 1
91 259 1
92 183 1
92 196 1
92 212 1
92 233 1
93 125 1
93 155 1
93 159 1
93 177 1
93 198 1
93 209 1
93 268 1
94 163 1
94 263 1
94 272 1
95 126 1
95 127 1
95 146 1
95 159 1
95 249 1
95 266 1
96 273 1
97 253 1
97 264 1
98 117 1
98 150 1
98 178 1
98 180 1
98 192 1
98 217 1
98 294 1
99 100 1
99 113 1
99 121 1
99 161 1
100 164 1
100 202 1
100 260 1
101 281 1
102 104 1
102 137 1
102 148 1
102 151 1
102 174 2
102 175 2
102 210 1
103 124 1
103 140 1
103 198 1
103 297 1
104 165 1
104 170 1
104 189 1
104 201 1
105 160 1
105 225 1
105 265 1
105 292 1
106 152 1
106 159 1
106 230 1
107 127 1
107 179 1
109 113 1
109 130 1
109 165 1
109 222 1
109 257 1
109 282 1
110 130 1
110 218 1
110 222 1
110 231 1
110 236 1
110 299 1
111 275 1
112 214 1
112 227 1
112 264 1
112 290 2
113 118 1
113 135 1
113 167 1
113 175 1
113 241 1
113 286 1
113 289 1
113 297 1
114 297 1
115 141 1
115 255 1
115 256 1
115 274 1
115 284 1
116 132 1
116 202 1
116 254 1
116 291 1
117 163 1
117 168 1
117 210 1
117 267 1
118 227 1
118 271 1
118 276 1
119 162 1
119 223 1
120 133 1
120 184 1
120 269 1
120 281 1
120 287 1
121 167 1
121 190 1
121 205 1
121 256 1
121 272 1
121 290 1
122 147 1
122 205 1
122 235 1
122 288 1
123 170 1
123 225 1
124 151 1
124 167 1
124 169 1
124 258 1
124 269 1
124 285 1
125 142 1
125 206 1
125 216 1
126 150 1
126 182 1
126 219 1
126 266 1
127 145 1
127 180 1
127 228 1
127 264 1
127 271 1
127 276 1
127 294 1
128 160 1
128 164 1
128 209 1
128 269 1
129 140 1
129 156 1
129 198 1
130 131 1
130 157 1
130 162 1
130 212 1
130 236 1
130 244 1
130 261 1
131 136 1
131 153 1
131 199 1
131 222 1
131 256 1
132 223 1
134 148 1
134 167 1
134 213 1
134 243 1
134 253 1
135 160 1
135 281 1
135 294 1
136 201 2
136 211 1
136 226 1
136 253 1
136 276 1
137 151 1
137 186 1
137 263 1
137 271 1
138 241 2
138 268 1
138 297 1
139 263 1
140 172 1
140 218 1
140 287 1
140 298 1
141 149 1
141 177 1
141 220 1
142 168 1
142 190 1
142 193 1
142 273 1
143 150 1
143 158 1
143 160 1
143 269 1
145 174 1
145 181 1
145 191 1
145 210 1
146 148 1
146 254 1
147 153 1
147 157 1
147 245 1
147 255 1
148 186 1
148 215 1
148 254 1
148 256 1
149 187 1
149 212 1
150 162 1
150 188 1
150 229 1
150 263 1
151 174 1
152 191 1
152 235 1
153 261 1
153 275 1
154 186 1
154 259 1
155 199 1
155 222 1
156 225 1
156 227 1
156 238 1
156 290 1
156 300 1
157 161 1
157 205 1
158 254 1
159 165 1
159 177 1
159 261 1
160 180 2
160 207 1
160 217 1
160 234 1
160 248 1
160 249 1
160 253 1
161 224 1
161 238 1
162 208 1
163 253 1
163 297 1
164 292 1
165 188 1
165 190 1
165 222 1
166 178 1
166 265 1
166 270 1
167 178 3
167 242 1
167 246 1
167 298 1
168 190 2
169 214 1
169 292 1
169 296 1
170 202 1
171 204 1
172 279 1
172 288 2
174 182 1
174 228 1
175 180 1
175 194 1
175 210 1
175 215 1
175 280 1
176 190 1
176 232 1
177 180 1
177 249 1
177 271 1
177 273 1
178 277 1
179 225 1
179 278 1
180 188 1
180 194 1
181 297 1
182 223 1
182 260 1
182 289 1
184 200 1
184 226 1
184 233 1
185 221 1
185 246 1
185 284 1
185 295 1
186 231 1
186 232 1
187 226 1
187 233 1
187 238 1
187 256 1
188 210 1
189 202 1
189 225 1
189 233 1
189 250 1
191 194 1
191 223 2
191 243 1
192 280 1
193 225 1
193 251 1
193 300 1
194 210 1
194 213 1
194 253 1
195 235 1
195 256 1
195 262 1
195 292 1
197 262 1
198 241 1
198 299 1
199 232 1
201 278 1
202 205 1
202 275 1
203 279 1
204 241 1
206 222 1
206 282 1
208 215 1
210 217 1
210 227 1
210 251 1
211 258 1
211 278 1
213 289 1
214 217 1
214 251 1
214 299 1
214 300 1
215 247 2
216 235 1
216 256 1
216 275 1
217 243 1
217 276 1
218 239 1
218 289 1
219 268 1
219 291 1
220 247 2
220 266 1
221 294 1
222 247 1
222 282 1
223 247 1
224 235 1
224 272 1
224 275 1
224 279 1
225 246 1
226 268 1
227 241 1
227 268 1
227 286 1
227 297 1
228 237 1
228 243 1
229 243 1
229 268 1
230 248 1
230 266 1
230 293 1
231 251 1
231 293 1
232 248 1
232 249 1
232 271 1
233 250 1
234 239 1
234 253 1
234 269 1
235 246 1
235 271 1
237 285 1
238 283 1
240 290 1
240 295 1
241 300 1
242 255 1
242 299 1
243 255 1
245 252 1
246 267 1
246 291 1
246 300 1
247 259 1
247 282 1
247 296 1
247 297 1
251 266 1
251 269 1
251 280 1
252 289 1
253 294 1
256 260 1
258 277 1
260 266 1
264 292 1
264 298 1
266 280 1
268 296 1
269 271 1
269 278 1
271 286 1
272 275 1
275 288 1
275 298 1
277 296 1
283 290 1
286 298 1
290 299 1
296 299 1
299 300 1
