%%MatrixMarket matrix coordinate integer general
105 105 441
1 2 1
1 4 1
1 6 1
1 7 1
2 3 1
2 4 1
2 5 1
2 6 1
2 7 1
3 5 1
3 6 1
3 8 1
4 6 1
4 9 1
4 10 1
4 11 1
4 12 1
4 13 1
4 14 1
4 15 1
4 16 1
4 17 1
4 18 1
4 19 1
4 20 1
4 21 1
4 22 1
4 23 1
4 24 1
4 25 1
4 26 1
4 27 1
4 28 1
5 6 1
5 7 1
5 29 1
5 30 1
5 31 1
5 32 1
6 7 1
6 8 1
7 8 1
7 11 1
7 13 1
7 19 1
7 23 1
7 26 1
7 30 1
8 15 1
8 31 1
8 33 1
8 34 1
8 35 1
9 10 1
9 11 1
9 12 1
9 13 1
9 14 1
9 15 1
9 21 1
9 22 1
9 23 1
9 24 1
9 25 1
9 27 1
9 28 1
9 36 1
9 37 1
9 38 1
9 39 1
9 40 1
9 41 1
9 42 1
9 43 1
9 44 1
9 45 1
9 46 1
10 12 1
10 13 1
10 15 1
10 21 1
10 25 1
10 28 1
10 41 1
10 45 1
10 47 1
10 48 1
10 49 1
10 50 1
10 51 1
10 52 1
11 12 1
11 13 1
11 16 1
11 17 1
11 20 1
11 22 1
11 37 1
11 38 1
11 39 1
11 53 1
11 54 1
11 55 1
12 13 1
12 14 1
12 15 1
12 18 1
12 21 1
12 22 1
12 23 1
12 27 1
12 28 1
12 30 1
12 45 1
12 47 1
12 50 1
12 56 1
13 14 1
13 15 1
13 16 1
13 18 1
13 19 1
13 24 1
13 25 1
13 36 1
13 37 1
13 40 1
13 41 1
13 44 1
13 46 1
13 47 1
13 53 1
13 54 1
13 55 1
13 57 1
13 58 1
14 18 1
14 30 1
14 36 1
14 40 1
14 42 1
14 43 1
14 44 1
14 47 1
14 59 1
15 26 1
15 27 1
15 33 1
16 17 1
16 55 1
18 47 1
20 55 1
20 56 1
20 60 1
21 25 1
21 40 1
21 48 1
21 49 1
21 59 1
21 61 1
22 24 1
23 26 1
23 40 1
23 52 1
24 28 1
24 36 1
24 37 1
24 47 1
24 58 1
25 27 1
25 40 1
25 47 1
25 61 1
26 40 1
27 40 1
27 45 1
27 47 1
27 61 1
28 40 1
28 41 1
28 47 1
28 58 1
29 62 1
29 63 1
31 32 1
31 33 1
31 60 1
31 62 1
31 64 1
31 65 1
31 66 1
31 67 1
31 68 1
31 69 1
31 70 1
31 71 1
31 72 1
31 73 1
31 74 1
31 75 1
31 76 1
31 77 1
32 49 1
32 60 1
32 66 1
32 67 1
32 68 1
32 69 1
32 72 1
32 78 1
32 79 1
33 35 1
33 49 1
33 50 1
33 51 1
33 52 1
33 60 1
33 82 1
33 83 1
33 84 1
33 85 1
34 60 1
34 63 1
34 65 1
34 66 1
34 67 1
34 68 1
34 69 1
34 70 1
34 71 1
34 72 1
34 73 1
34 78 1
34 85 1
34 101 1
35 62 1
35 63 1
35 83 1
36 37 1
37 39 1
37 47 1
37 53 1
37 54 1
38 39 1
38 40 1
38 43 1
38 44 1
38 53 1
38 54 1
38 57 1
38 80 1
39 47 1
39 53 1
39 80 1
40 41 1
40 42 1
40 44 1
40 45 1
40 47 1
40 54 1
40 58 1
40 61 1
41 47 1
41 57 1
41 58 1
42 43 1
42 47 1
42 54 1
43 56 1
45 47 1
46 47 1
46 81 1
47 57 1
47 58 1
48 49 1
48 59 1
49 59 1
49 63 1
49 69 1
51 52 1
51 82 1
51 83 1
51 84 1
52 82 1
53 54 1
53 80 1
54 80 1
56 59 1
57 80 1
60 68 1
60 69 1
61 69 1
62 63 1
62 64 1
62 65 1
62 66 1
62 67 1
62 69 1
62 71 1
62 74 1
62 75 1
62 76 1
62 77 1
62 82 1
62 93 1
62 94 1
62 95 1
62 96 1
62 97 1
62 98 1
63 65 1
63 66 1
63 67 1
63 68 1
63 69 1
63 70 1
63 71 1
63 72 1
63 74 1
63 75 1
63 78 1
63 79 1
63 94 1
63 95 1
63 96 1
63 102 1
63 103 1
64 82 1
64 83 1
64 99 1
64 100 1
65 68 1
65 82 1
65 96 1
66 67 1
66 68 1
66 72 1
66 73 1
66 74 1
66 75 1
66 76 1
66 77 1
66 91 1
66 93 1
66 95 1
66 97 1
66 98 1
66 103 1
66 104 1
66 105 1
67 68 1
67 70 1
67 72 1
67 74 1
67 77 1
67 78 1
67 79 1
67 94 1
67 102 1
67 105 1
68 69 1
68 70 1
68 72 1
68 73 1
68 74 1
68 78 1
68 79 1
68 103 1
69 72 1
69 73 1
69 74 1
69 75 1
70 74 1
70 79 1
70 93 1
72 74 1
73 74 1
73 93 1
73 102 1
74 75 1
74 77 1
74 86 1
74 89 1
74 92 1
74 93 1
74 94 1
74 95 1
74 97 1
74 98 1
74 101 1
74 102 1
74 104 1
75 76 1
75 86 1
75 88 1
75 92 1
75 93 1
75 95 1
75 98 1
75 101 1
76 77 1
76 81 1
76 104 1
77 86 1
77 87 1
77 89 1
77 90 1
77 93 1
77 96 1
79 93 1
79 96 1
79 105 1
81 91 1
81 104 1
82 83 1
82 84 1
82 85 1
83 84 1
83 85 1
84 100 1
86 87 1
86 89 1
86 90 1
87 88 1
87 89 1
87 90 1
88 91 1
88 92 1
89 90 1
89 93 1
91 104 1
92 93 1
92 104 1
93 97 1
93 105 1
94 95 1
97 98 1
97 104 1
98 101 1
99 100 1
102 105 1
