%%MatrixMarket matrix coordinate real general
136 136 375
1 2 1996
3 4 1996
4 29 1997
4 37 1997
4 38 1997
5 6 7990
5 7 3993
6 8 1996
7 21 1998
8 11 3996
8 18 3994
8 19 7990
8 28 1997
8 29 3995
8 30 1998
8 87 1997
8 123 1998
9 8 7990
9 10 1996
9 11 5995
9 18 3994
9 19 9989
9 28 3995
9 29 5995
11 12 3993
11 19 5995
11 29 3997
11 35 1998
11 37 1998
11 38 1998
11 79 1998
11 114 1998
13 5 1998
13 14 7991
13 15 1997
13 30 1997
13 72 3997
13 111 1998
13 121 1999
14 5 3997
14 6 7992
14 72 1997
14 111 1998
15 8 1998
15 16 1997
15 35 1999
16 8 1997
16 19 1998
16 25 5994
16 85 1998
16 87 1997
16 123 1998
17 8 7990
17 9 7991
17 11 3997
17 18 3994
17 19 5992
17 28 1998
17 29 5995
17 35 1997
17 38 1997
17 54 3995
17 60 1997
17 65 1997
17 102 5995
17 110 5995
17 123 1998
17 130 1999
18 19 3994
19 123 3997
20 21 5992
20 49 5995
20 72 1999
22 23 9989
22 71 7992
22 122 1998
23 5 1998
23 70 1998
24 25 9989
24 60 1998
24 85 1997
24 136 1999
25 9 1998
25 19 1998
25 37 1998
25 85 1999
25 87 1997
25 110 1998
25 136 1999
26 27 7991
26 45 1997
26 46 5994
27 45 1997
27 103 1997
28 29 5992
28 87 1997
29 19 1998
29 34 1998
29 38 1997
30 19 1998
30 85 1997
30 123 1998
31 27 1997
31 32 1997
32 98 1999
33 4 1997
33 19 1997
33 34 1997
33 35 1997
33 36 1997
33 37 1997
33 38 1997
34 36 1997
35 4 1997
35 9 1997
35 16 1997
35 25 1997
35 37 3995
35 38 3995
35 54 1997
35 79 1998
35 82 1999
35 114 1998
37 38 7992
37 79 5995
37 90 1999
37 92 1997
37 114 5995
38 79 5995
38 101 1997
38 114 5995
39 19 1997
39 40 1997
39 41 1997
39 42 1997
39 43 1997
40 42 1997
41 17 1997
41 60 1997
42 28 1997
42 60 1997
43 4 1997
43 24 5995
43 35 1997
43 37 1997
43 38 1997
43 42 1997
43 54 1997
44 26 5994
44 27 5994
44 45 1997
44 46 5994
44 47 1997
44 48 1998
44 55 1998
44 56 1998
44 61 1998
46 27 5994
46 45 1997
47 26 1997
47 27 1997
47 45 1997
47 46 1997
48 45 1997
48 46 5994
48 49 1997
49 8 1997
49 28 1997
49 29 1997
49 45 1997
49 54 1997
49 87 1997
49 122 1998
50 51 1997
50 52 1997
52 51 1997
52 73 1997
53 8 1998
53 9 1998
53 11 3996
53 35 3995
54 4 1997
54 8 5993
54 9 7992
54 11 5995
54 18 1997
54 19 7992
54 28 3995
54 29 5993
54 37 3996
54 38 1997
54 87 1997
54 93 1999
54 102 3997
54 110 1998
54 123 1999
55 27 1997
55 56 1997
55 57 1997
55 61 1998
55 63 1998
55 77 1998
55 112 1998
56 26 1998
56 27 3995
56 32 3997
56 46 1998
56 121 1998
57 27 3996
57 56 3995
57 121 3997
58 27 1997
58 29 1998
58 32 1997
58 109 1998
59 36 1999
59 42 1997
59 73 1998
59 112 1998
59 113 1999
61 24 1997
61 42 1997
61 62 1997
61 69 1998
61 90 1998
61 118 1998
61 119 1998
61 120 1998
63 5 3997
63 6 5995
63 7 1997
63 14 5995
63 49 1997
63 64 3995
63 72 1998
63 77 1998
63 112 1998
63 122 1998
64 5 1997
64 49 1997
65 35 1997
65 37 1997
65 38 1997
65 66 1997
65 67 1997
65 68 1997
66 68 1997
68 133 1998
69 5 1998
69 23 1998
69 70 1997
69 118 3997
69 120 3997
71 23 7992
71 70 1999
72 6 1998
72 49 1999
72 77 1998
72 122 1998
74 2 1997
74 27 1998
74 30 1997
74 75 1997
76 73 1997
76 77 1997
77 73 3995
77 129 1998
78 79 1997
79 114 5995
80 77 1997
81 16 1997
81 25 1997
81 82 1997
83 84 1997
85 123 1999
86 24 3995
86 25 3995
86 77 3995
86 115 5995
87 29 1997
87 38 1999
87 45 1997
87 86 1998
87 115 1998
88 28 1997
89 90 1997
90 38 3997
90 105 1997
90 114 1999
90 119 1998
91 37 1997
91 92 1997
93 11 1998
93 35 1998
93 37 5995
93 38 5995
93 79 5995
93 94 1997
93 95 1997
93 96 1997
93 97 1997
93 113 1999
93 114 5995
93 123 3997
94 95 1997
94 98 1997
95 99 1997
95 132 1998
96 79 1997
96 90 1997
96 98 1997
97 79 1998
97 114 1998
97 127 3997
99 32 1998
99 37 1997
100 38 1997
100 67 1997
100 101 1997
102 8 1998
102 9 3997
102 11 1999
102 19 1999
102 28 1998
102 29 5995
102 90 1997
102 99 1997
102 110 5995
104 90 1997
104 105 1997
106 97 5995
106 98 1999
106 107 1997
108 103 1997
109 90 1998
110 8 1998
110 9 3997
110 11 1999
110 28 1998
110 29 5995
110 127 1999
111 5 3997
111 36 1998
111 49 1998
111 118 1998
112 60 1999
112 77 5995
112 86 1998
113 11 1998
113 35 1998
113 36 1999
113 37 5995
113 38 5995
113 79 5995
113 90 1999
113 93 3996
113 114 5995
116 117 1998
118 120 3997
118 128 3997
121 115 1998
123 38 1998
123 114 1998
124 71 1998
124 135 1999
125 14 1999
125 117 1998
126 37 1998
126 97 1998
126 127 1998
128 120 1999
130 131 1998
132 127 1998
134 86 1999
136 85 1999
