%%MatrixMarket matrix coordinate real general
39 39 170
7 1 1
8 1 1
11 1 1
12 1 1
13 1 1
22 1 1
23 1 1
34 1 1
35 1 1
37 1 1
39 1 1
7 2 1
8 2 1
9 2 1
11 2 1
12 2 1
13 2 1
22 2 1
23 2 1
35 2 1
36 2 1
39 2 1
14 3 1
15 3 1
16 3 1
17 3 1
18 3 1
36 3 1
39 3 1
17 4 1
36 4 1
37 4 1
39 4 1
6 5 1
34 5 1
35 5 1
39 5 1
7 6 1
35 6 1
39 6 1
8 7 1
9 7 1
11 7 1
12 7 1
13 7 1
35 7 1
39 7 1
9 8 1
10 8 1
20 8 1
21 8 1
22 8 1
23 8 1
24 8 1
35 8 1
38 8 1
39 8 1
10 9 1
35 9 1
36 9 1
39 9 1
35 10 1
36 10 1
39 10 1
19 11 1
35 11 1
36 11 1
39 11 1
19 12 1
26 12 1
35 12 1
36 12 1
38 12 1
39 12 1
35 13 1
36 13 1
38 13 1
39 13 1
25 14 1
26 14 1
27 14 1
28 14 1
29 14 1
36 14 1
39 14 1
19 15 1
25 15 1
26 15 1
27 15 1
28 15 1
29 15 1
36 15 1
39 15 1
19 16 1
27 16 1
36 16 1
39 16 1
36 17 1
39 17 1
19 18 1
25 18 1
26 18 1
27 18 1
29 18 1
32 18 1
36 18 1
39 18 1
33 19 1
36 19 1
38 19 1
39 19 1
36 20 1
38 20 1
39 20 1
33 21 1
36 21 1
38 21 1
39 21 1
27 22 1
28 22 1
30 22 1
31 22 1
32 22 1
33 22 1
35 22 1
36 22 1
38 22 1
39 22 1
30 23 1
32 23 1
33 23 1
35 23 1
36 23 1
38 23 1
39 23 1
36 24 1
38 24 1
39 24 1
36 25 1
38 25 1
39 25 1
36 26 1
38 26 1
39 26 1
30 27 1
36 27 1
38 27 1
39 27 1
36 28 1
38 28 1
39 28 1
36 29 1
38 29 1
39 29 1
36 30 1
38 30 1
39 30 1
32 31 1
36 31 1
38 31 1
39 31 1
36 32 1
38 32 1
39 32 1
36 33 1
38 33 1
39 33 1
37 34 1
36 35 1
37 35 1
