%%MatrixMarket matrix coordinate integer general
200 200 2213
1 13 1
1 15 1
1 17 1
1 24 1
1 63 1
1 64 1
1 69 1
1 79 1
1 95 1
1 96 1
1 100 1
1 105 1
1 114 1
1 120 1
1 128 1
1 129 1
1 141 1
1 144 1
1 163 1
1 165 1
1 174 1
1 177 1
1 188 1
1 194 1
1 196 1
2 3 1
2 18 1
2 20 1
2 26 1
2 48 1
2 58 1
2 77 1
2 80 1
2 95 1
2 114 1
2 124 1
2 126 1
2 152 1
2 172 1
2 178 1
2 190 1
2 191 1
3 6 1
3 41 1
3 51 1
3 55 1
3 58 1
3 63 1
3 75 1
3 79 1
3 84 1
3 90 1
3 99 1
3 103 1
3 137 1
3 156 1
3 158 1
3 173 1
3 176 1
3 199 1
4 12 1
4 13 1
4 15 1
4 20 1
4 40 1
4 54 1
4 57 1
4 58 1
4 72 1
4 81 1
4 86 1
4 98 1
4 131 1
4 136 1
4 151 1
4 153 1
4 156 1
4 157 1
4 166 1
4 172 1
4 180 1
4 186 1
5 11 1
5 18 1
5 24 1
5 34 1
5 39 1
5 49 1
5 55 1
5 63 1
5 66 1
5 73 1
5 87 1
5 92 1
5 93 1
5 101 1
5 117 1
5 125 1
5 127 1
5 132 1
5 136 1
5 137 1
5 145 1
5 146 1
5 189 1
5 199 1
6 8 1
6 12 1
6 13 1
6 15 1
6 17 1
6 23 1
6 34 1
6 35 1
6 42 1
6 45 1
6 59 1
6 73 1
6 74 1
6 78 1
6 82 1
6 91 1
6 93 1
6 102 1
6 105 1
6 106 1
6 126 1
6 143 1
6 144 1
6 150 1
6 158 1
6 163 1
6 170 1
6 171 1
6 182 1
6 185 1
6 192 1
6 194 1
6 198 1
7 15 1
7 18 1
7 21 1
7 41 1
7 47 1
7 48 1
7 52 1
7 67 1
7 70 1
7 76 1
7 80 1
7 81 1
7 85 1
7 127 1
7 134 1
7 138 1
7 152 1
7 155 1
7 160 1
8 9 1
8 11 1
8 14 1
8 17 1
8 18 1
8 25 1
8 40 1
8 44 1
8 46 1
8 64 1
8 71 1
8 83 1
8 84 1
8 92 1
8 97 1
8 105 1
8 124 1
8 126 1
8 128 1
8 132 1
8 156 1
8 159 1
8 195 1
9 23 1
9 43 1
9 49 1
9 58 1
9 61 1
9 62 1
9 65 1
9 69 1
9 103 1
9 111 1
9 117 1
9 126 1
9 137 1
9 157 1
9 161 1
9 164 1
9 173 1
10 54 1
10 59 1
10 67 1
10 75 1
10 89 1
10 96 1
10 101 1
10 118 1
10 130 1
10 146 1
10 151 1
10 163 1
10 174 1
10 175 1
10 187 1
10 191 1
11 26 1
11 48 1
11 51 1
11 57 1
11 65 1
11 81 1
11 83 1
11 93 1
11 112 1
11 117 1
11 131 1
11 135 1
11 136 1
11 139 1
11 141 1
11 168 1
11 178 1
11 182 1
12 18 1
12 46 1
12 53 1
12 55 1
12 59 1
12 96 1
12 102 1
12 116 1
12 117 1
12 125 1
12 135 1
12 137 1
12 150 1
12 166 1
12 170 1
12 180 1
12 183 1
12 195 1
13 17 1
13 23 1
13 46 1
13 48 1
13 54 1
13 82 1
13 95 1
13 106 1
13 112 1
13 116 1
13 117 1
13 121 1
13 130 1
13 137 1
13 143 1
13 147 1
13 157 1
13 165 1
13 171 1
13 173 1
13 181 1
13 188 1
13 189 1
14 15 1
14 50 1
14 62 1
14 63 1
14 66 1
14 69 1
14 74 1
14 85 1
14 129 1
14 168 1
14 194 1
15 24 1
15 28 1
15 29 1
15 42 1
15 43 1
15 45 1
15 50 1
15 55 1
15 58 1
15 83 1
15 90 1
15 94 1
15 117 1
15 134 1
15 136 1
15 140 1
15 143 1
15 145 1
15 149 1
15 154 1
15 165 1
15 181 1
15 193 1
16 35 1
16 36 1
16 45 1
16 54 1
16 57 1
16 63 1
16 66 1
16 72 1
16 79 1
16 84 1
16 92 1
16 95 1
16 100 1
16 113 1
16 133 1
16 159 1
16 160 1
16 195 1
16 199 1
17 24 1
17 39 1
17 42 1
17 45 1
17 61 1
17 72 1
17 73 1
17 87 1
17 94 1
17 97 1
17 98 1
17 104 1
17 117 1
17 122 1
17 125 1
17 132 1
17 136 1
17 142 1
17 145 1
17 149 1
17 158 1
17 160 1
17 161 1
17 165 1
17 176 1
17 180 1
17 184 1
17 195 1
17 197 1
17 200 1
18 22 1
18 28 1
18 34 1
18 38 1
18 41 1
18 62 1
18 70 1
18 71 1
18 73 1
18 74 1
18 76 1
18 81 1
18 83 1
18 90 1
18 97 1
18 111 1
18 114 1
18 117 1
18 122 1
18 162 1
18 164 1
18 165 1
18 170 1
18 187 1
18 189 1
18 190 1
19 23 1
19 27 1
19 38 1
19 44 1
19 60 1
19 68 1
19 75 1
19 95 1
19 103 1
19 112 1
19 130 1
19 135 1
19 139 1
19 153 1
19 155 1
19 158 1
19 159 1
19 182 1
19 184 1
19 190 1
19 200 1
20 44 1
20 60 1
20 63 1
20 89 1
20 93 1
20 113 1
20 119 1
20 122 1
20 140 1
20 145 1
20 166 1
21 26 1
21 28 1
21 40 1
21 55 1
21 57 1
21 61 1
21 85 1
21 93 1
21 99 1
21 103 1
21 104 1
21 133 1
21 140 1
21 149 1
21 150 1
21 153 1
21 175 1
21 182 1
21 188 1
21 197 1
22 25 1
22 28 1
22 34 1
22 36 1
22 55 1
22 60 1
22 63 1
22 69 1
22 71 1
22 74 1
22 84 1
22 87 1
22 93 1
22 95 1
22 102 1
22 129 1
22 137 1
22 139 1
22 147 1
22 166 1
22 171 1
22 187 1
22 198 1
23 37 1
23 45 1
23 46 1
23 53 1
23 56 1
23 66 1
23 97 1
23 102 1
23 109 1
23 111 1
23 112 1
23 116 1
23 120 1
23 141 1
23 142 1
23 143 1
23 153 1
23 161 1
23 164 1
23 167 1
23 188 1
23 192 1
24 31 1
24 39 1
24 61 1
24 65 1
24 73 1
24 81 1
24 86 1
24 87 1
24 95 1
24 101 1
24 124 1
24 125 1
24 126 1
24 128 1
24 129 1
24 136 1
24 138 1
24 140 1
24 143 1
24 145 1
24 165 1
24 180 1
24 185 1
24 188 1
24 190 1
24 194 1
25 40 1
25 42 1
25 45 1
25 54 1
25 56 1
25 70 1
25 74 1
25 85 1
25 101 1
25 102 1
25 110 1
25 120 1
25 124 1
25 133 1
25 146 1
25 191 1
25 195 1
25 197 1
26 33 1
26 40 1
26 51 1
26 57 1
26 85 1
26 86 1
26 89 1
26 102 1
26 142 1
26 168 1
26 170 1
26 172 1
26 183 1
26 187 1
27 33 1
27 63 1
27 75 1
27 79 1
27 87 1
27 95 1
27 102 1
27 104 1
27 114 1
27 118 1
27 134 1
27 135 1
27 139 1
27 144 1
27 146 1
27 152 1
27 162 1
27 168 1
27 171 1
27 179 1
27 188 1
27 198 1
28 32 1
28 37 1
28 61 1
28 73 1
28 77 1
28 83 1
28 100 1
28 103 1
28 116 1
28 126 1
28 132 1
28 133 1
28 142 1
28 152 1
28 156 1
28 160 1
28 175 1
28 180 1
28 184 1
28 191 1
28 196 1
29 33 1
29 35 1
29 62 1
29 68 1
29 73 1
29 83 1
29 88 1
29 93 1
29 97 1
29 104 1
29 125 1
29 139 1
29 147 1
29 174 1
29 178 1
29 182 1
29 184 1
30 31 1
30 51 1
30 56 1
30 68 1
30 86 1
30 89 1
30 90 1
30 93 1
30 94 1
30 96 1
30 117 1
30 119 1
30 146 1
30 159 1
30 173 1
30 197 1
31 36 1
31 52 1
31 91 1
31 95 1
31 98 1
31 102 1
31 106 1
31 119 1
31 120 1
31 130 1
31 134 1
31 139 1
31 170 1
31 182 1
31 189 1
31 191 1
31 192 1
31 195 1
31 196 1
31 200 1
32 35 1
32 36 1
32 37 1
32 41 1
32 50 1
32 54 1
32 59 1
32 74 1
32 85 1
32 112 1
32 114 1
32 119 1
32 128 1
32 133 1
32 143 1
32 150 1
32 152 1
32 155 1
32 165 1
32 170 1
32 177 1
32 179 1
32 192 1
33 37 1
33 50 1
33 74 1
33 78 1
33 82 1
33 84 1
33 95 1
33 113 1
33 117 1
33 124 1
33 133 1
33 136 1
33 139 1
33 145 1
33 156 1
33 166 1
33 177 1
33 178 1
33 182 1
33 187 1
33 194 1
34 41 1
34 55 1
34 57 1
34 63 1
34 69 1
34 72 1
34 75 1
34 78 1
34 98 1
34 104 1
34 105 1
34 127 1
34 134 1
34 138 1
34 156 1
34 157 1
34 159 1
34 162 1
34 164 1
34 176 1
34 181 1
35 39 1
35 45 1
35 61 1
35 63 1
35 65 1
35 78 1
35 91 1
35 93 1
35 95 1
35 100 1
35 109 1
35 130 1
35 138 1
35 139 1
35 145 1
35 163 1
35 166 1
35 179 1
35 181 1
35 183 1
36 41 1
36 51 1
36 58 1
36 67 1
36 105 1
36 112 1
36 149 1
36 155 1
36 157 1
36 158 1
36 169 1
36 174 1
36 190 1
37 40 1
37 58 1
37 69 1
37 78 1
37 91 1
37 121 1
37 127 1
37 135 1
37 154 1
37 175 1
37 178 1
38 39 1
38 49 1
38 51 1
38 52 1
38 63 1
38 70 1
38 73 1
38 81 1
38 94 1
38 108 1
38 109 1
38 115 1
38 118 1
38 122 1
38 129 1
38 135 1
38 143 1
38 172 1
38 174 1
38 180 1
38 197 1
39 41 1
39 48 1
39 53 1
39 57 1
39 66 1
39 72 1
39 84 1
39 108 1
39 127 1
39 130 1
39 139 1
39 145 1
39 156 1
39 163 1
39 189 1
40 46 1
40 64 1
40 78 1
40 79 1
40 92 1
40 109 1
40 110 1
40 127 1
40 131 1
40 158 1
40 169 1
40 172 1
40 181 1
40 184 1
40 191 1
40 199 1
41 42 1
41 44 1
41 54 1
41 62 1
41 73 1
41 108 1
41 110 1
41 112 1
41 117 1
41 121 1
41 128 1
41 139 1
41 141 1
41 145 1
41 150 1
41 163 1
41 176 1
41 191 1
41 194 1
42 46 1
42 70 1
42 88 1
42 89 1
42 90 1
42 92 1
42 93 1
42 94 1
42 97 1
42 130 1
42 139 1
42 151 1
42 183 1
42 190 1
42 192 1
42 194 1
43 51 1
43 76 1
43 81 1
43 82 1
43 83 1
43 100 1
43 106 1
43 123 1
43 128 1
43 130 1
43 148 1
43 155 1
43 176 1
43 178 1
43 181 1
43 187 1
43 198 1
44 45 1
44 54 1
44 63 1
44 70 1
44 97 1
44 116 1
44 121 1
44 136 1
44 140 1
44 141 1
44 157 1
44 178 1
44 179 1
44 180 1
44 185 1
44 192 1
45 73 1
45 78 1
45 89 1
45 92 1
45 94 1
45 125 1
45 127 1
45 129 1
45 138 1
45 160 1
45 169 1
45 179 1
45 183 1
45 189 1
46 55 1
46 83 1
46 86 1
46 87 1
46 90 1
46 92 1
46 100 1
46 107 1
46 118 1
46 124 1
46 198 1
47 54 1
47 80 1
47 83 1
47 91 1
47 119 1
47 125 1
47 128 1
47 133 1
47 148 1
47 156 1
47 161 1
47 172 1
47 190 1
47 194 1
47 199 1
48 56 1
48 73 1
48 93 1
48 102 1
48 104 1
48 105 1
48 110 1
48 115 1
48 118 1
48 123 1
48 145 1
48 156 1
48 157 1
48 190 1
48 191 1
49 65 1
49 68 1
49 86 1
49 89 1
49 100 1
49 112 1
49 113 1
49 115 1
49 124 1
49 125 1
49 126 1
49 127 1
49 141 1
49 151 1
49 152 1
49 153 1
49 185 1
49 191 1
49 196 1
50 54 1
50 57 1
50 68 1
50 78 1
50 95 1
50 105 1
50 110 1
50 111 1
50 113 1
50 114 1
50 120 1
50 123 1
50 132 1
50 134 1
50 142 1
50 152 1
50 162 1
50 172 1
50 179 1
50 190 1
50 199 1
51 52 1
51 70 1
51 74 1
51 78 1
51 81 1
51 97 1
51 98 1
51 105 1
51 107 1
51 120 1
51 123 1
51 127 1
51 140 1
51 147 1
51 148 1
51 156 1
51 161 1
51 163 1
51 174 1
51 182 1
51 192 1
51 198 1
52 76 1
52 88 1
52 104 1
52 116 1
52 121 1
52 123 1
52 127 1
52 133 1
52 136 1
52 139 1
52 165 1
52 174 1
52 192 1
52 196 1
53 68 1
53 81 1
53 91 1
53 92 1
53 105 1
53 107 1
53 122 1
53 127 1
53 134 1
53 136 1
53 149 1
53 155 1
53 173 1
53 176 1
53 178 1
53 181 1
53 182 1
54 67 1
54 93 1
54 95 1
54 109 1
54 116 1
54 138 1
54 143 1
54 162 1
54 171 1
54 182 1
54 191 1
55 69 1
55 76 1
55 87 1
55 94 1
55 102 1
55 110 1
55 122 1
55 124 1
55 128 1
55 139 1
55 151 1
55 152 1
55 157 1
55 169 1
55 189 1
55 197 1
56 65 1
56 66 1
56 75 1
56 79 1
56 93 1
56 130 1
56 135 1
56 137 1
56 145 1
56 147 1
56 152 1
56 176 1
56 177 1
56 180 1
56 192 1
57 61 1
57 76 1
57 81 1
57 105 1
57 122 1
57 137 1
57 148 1
57 183 1
57 195 1
58 63 1
58 66 1
58 77 1
58 78 1
58 83 1
58 94 1
58 110 1
58 135 1
58 158 1
58 164 1
58 172 1
58 173 1
58 196 1
58 199 1
59 79 1
59 84 1
59 95 1
59 105 1
59 115 1
59 133 1
59 141 1
59 168 1
59 175 1
59 177 1
59 191 1
59 193 1
59 196 1
60 61 1
60 68 1
60 73 1
60 76 1
60 103 1
60 125 1
60 137 1
60 138 1
60 150 1
60 158 1
60 164 1
60 186 1
60 191 1
60 192 1
60 200 1
61 67 1
61 72 1
61 77 1
61 93 1
61 101 1
61 115 1
61 126 1
61 128 1
61 135 1
61 146 1
61 153 1
61 172 1
61 176 1
61 195 1
61 198 1
62 71 1
62 74 1
62 77 1
62 84 1
62 88 1
62 90 1
62 93 1
62 101 1
62 106 1
62 112 1
62 115 1
62 117 1
62 127 1
62 129 1
62 135 1
62 150 1
62 152 1
62 155 1
62 156 1
62 172 1
62 189 1
62 196 1
63 77 1
63 78 1
63 79 1
63 99 1
63 100 1
63 102 1
63 113 1
63 120 1
63 125 1
63 126 1
63 129 1
63 139 1
63 155 1
63 161 1
63 171 1
63 179 1
63 193 1
63 195 1
64 88 1
64 91 1
64 92 1
64 107 1
64 114 1
64 115 1
64 118 1
64 136 1
64 138 1
64 140 1
64 141 1
64 152 1
64 172 1
64 182 1
64 183 1
64 196 1
65 86 1
65 92 1
65 94 1
65 96 1
65 107 1
65 114 1
65 120 1
65 129 1
65 145 1
65 148 1
65 153 1
65 167 1
65 188 1
65 194 1
65 197 1
66 68 1
66 75 1
66 81 1
66 86 1
66 108 1
66 121 1
66 123 1
66 139 1
66 143 1
66 170 1
66 174 1
66 177 1
66 180 1
66 187 1
66 197 1
67 74 1
67 80 1
67 83 1
67 115 1
67 117 1
67 118 1
67 142 1
67 145 1
67 152 1
67 154 1
67 155 1
67 161 1
67 176 1
67 179 1
67 182 1
67 191 1
67 196 1
68 78 1
68 80 1
68 99 1
68 117 1
68 136 1
68 145 1
68 162 1
68 166 1
68 176 1
68 178 1
69 71 1
69 81 1
69 82 1
69 114 1
69 119 1
69 125 1
69 126 1
69 139 1
69 153 1
69 161 1
69 165 1
69 172 1
69 177 1
69 197 1
70 75 1
70 76 1
70 78 1
70 80 1
70 81 1
70 88 1
70 91 1
70 97 1
70 100 1
70 102 1
70 105 1
70 106 1
70 112 1
70 120 1
70 137 1
70 143 1
70 159 1
70 162 1
70 179 1
71 72 1
71 77 1
71 82 1
71 83 1
71 84 1
71 94 1
71 104 1
71 110 1
71 113 1
71 122 1
71 124 1
71 136 1
71 137 1
71 146 1
71 164 1
71 174 1
71 175 1
71 196 1
71 197 1
71 198 1
72 77 1
72 86 1
72 87 1
72 98 1
72 100 1
72 102 1
72 124 1
72 129 1
72 131 1
72 136 1
72 139 1
72 140 1
72 143 1
72 146 1
72 151 1
72 170 1
72 190 1
72 199 1
73 88 1
73 105 1
73 125 1
73 137 1
73 149 1
73 160 1
73 184 1
73 187 1
74 91 1
74 101 1
74 104 1
74 111 1
74 113 1
74 116 1
74 119 1
74 122 1
74 126 1
74 127 1
74 132 1
74 133 1
74 136 1
74 146 1
74 150 1
74 159 1
74 165 1
74 166 1
74 184 1
74 191 1
74 198 1
75 81 1
75 90 1
75 92 1
75 99 1
75 107 1
75 111 1
75 126 1
75 155 1
75 157 1
75 158 1
75 161 1
75 163 1
75 182 1
76 79 1
76 80 1
76 88 1
76 97 1
76 99 1
76 124 1
76 127 1
76 137 1
76 144 1
76 148 1
76 158 1
76 174 1
76 181 1
76 189 1
76 193 1
76 196 1
77 84 1
77 96 1
77 98 1
77 107 1
77 109 1
77 120 1
77 126 1
77 129 1
77 135 1
77 146 1
77 170 1
77 172 1
77 174 1
77 181 1
77 185 1
77 187 1
78 98 1
78 99 1
78 113 1
78 122 1
78 126 1
78 133 1
78 144 1
78 154 1
78 187 1
78 196 1
79 99 1
79 110 1
79 117 1
79 121 1
79 128 1
79 133 1
79 145 1
79 165 1
79 172 1
79 173 1
79 176 1
79 183 1
79 187 1
79 193 1
79 196 1
80 84 1
80 91 1
80 102 1
80 106 1
80 110 1
80 122 1
80 128 1
80 152 1
80 156 1
80 162 1
80 172 1
80 173 1
80 183 1
80 200 1
81 82 1
81 87 1
81 94 1
81 98 1
81 124 1
81 132 1
81 143 1
81 145 1
81 161 1
81 167 1
81 173 1
81 175 1
81 188 1
81 190 1
81 195 1
82 98 1
82 120 1
82 121 1
82 126 1
82 128 1
82 130 1
82 142 1
82 144 1
82 146 1
82 154 1
82 166 1
82 190 1
82 195 1
82 199 1
83 88 1
83 95 1
83 97 1
83 103 1
83 107 1
83 111 1
83 163 1
83 176 1
83 183 1
84 88 1
84 100 1
84 108 1
84 111 1
84 120 1
84 122 1
84 125 1
84 143 1
84 144 1
84 160 1
84 164 1
84 167 1
84 171 1
84 189 1
84 195 1
85 89 1
85 90 1
85 101 1
85 114 1
85 123 1
85 127 1
85 133 1
85 135 1
85 166 1
85 176 1
85 179 1
86 100 1
86 108 1
86 118 1
86 121 1
86 122 1
86 133 1
86 134 1
86 138 1
86 152 1
86 153 1
86 154 1
86 156 1
86 157 1
86 159 1
86 161 1
86 165 1
86 166 1
86 195 1
87 106 1
87 111 1
87 123 1
87 126 1
87 140 1
87 147 1
87 153 1
87 161 1
87 162 1
87 169 1
87 171 1
87 172 1
87 177 1
87 179 1
87 188 1
87 197 1
87 199 1
88 89 1
88 92 1
88 93 1
88 101 1
88 105 1
88 107 1
88 113 1
88 121 1
88 142 1
88 147 1
88 168 1
88 192 1
89 97 1
89 106 1
89 127 1
89 145 1
89 147 1
89 161 1
89 163 1
89 176 1
89 177 1
89 182 1
89 199 1
90 111 1
90 122 1
90 146 1
90 155 1
90 162 1
90 167 1
90 168 1
90 187 1
90 190 1
90 196 1
91 94 1
91 106 1
91 107 1
91 113 1
91 116 1
91 133 1
91 139 1
91 140 1
91 143 1
91 146 1
91 148 1
91 149 1
91 175 1
91 177 1
91 200 1
92 93 1
92 114 1
92 123 1
92 141 1
92 142 1
92 144 1
92 156 1
92 159 1
92 162 1
92 164 1
92 167 1
92 172 1
92 178 1
92 182 1
93 98 1
93 120 1
93 138 1
93 141 1
93 158 1
93 161 1
93 167 1
93 171 1
93 180 1
94 100 1
94 113 1
94 123 1
94 125 1
94 134 1
94 137 1
94 159 1
94 166 1
94 181 1
94 185 1
94 193 1
94 198 1
95 100 1
95 101 1
95 107 1
95 110 1
95 123 1
95 142 1
95 147 1
95 151 1
95 162 1
95 163 1
95 166 1
95 178 1
95 195 1
96 104 1
96 108 1
96 109 1
96 119 1
96 127 1
96 134 1
96 135 1
96 136 1
96 137 1
96 141 1
96 150 1
96 158 1
96 165 1
96 166 1
96 170 1
96 188 1
96 189 1
96 195 1
97 98 1
97 109 1
97 129 1
97 135 1
97 147 1
97 149 1
97 156 1
97 159 1
97 165 1
97 195 1
98 105 1
98 120 1
98 144 1
98 175 1
98 182 1
98 190 1
98 191 1
99 122 1
99 139 1
99 145 1
99 164 1
99 172 1
99 184 1
99 186 1
99 199 1
100 111 1
100 118 1
100 130 1
100 134 1
100 143 1
100 144 1
100 152 1
100 155 1
100 157 1
100 158 1
100 166 1
100 177 1
100 187 1
101 103 1
101 111 1
101 121 1
101 126 1
101 129 1
101 130 1
101 141 1
101 152 1
101 177 1
101 179 1
101 191 1
101 197 1
102 105 1
102 114 1
102 119 1
102 125 1
102 137 1
102 153 1
102 155 1
102 165 1
102 174 1
103 115 1
103 117 1
103 127 1
103 129 1
103 133 1
103 135 1
103 137 1
103 139 1
103 141 1
103 145 1
103 155 1
103 171 1
103 175 1
103 182 1
103 183 1
103 189 1
103 199 1
104 112 1
104 116 1
104 124 1
104 136 1
104 140 1
104 152 1
104 172 1
104 178 1
104 193 1
105 112 1
105 120 1
105 121 1
105 122 1
105 159 1
105 170 1
105 174 1
105 191 1
106 107 1
106 116 1
106 133 1
106 154 1
106 155 1
106 166 1
106 177 1
106 179 1
107 116 1
107 123 1
107 141 1
107 160 1
107 177 1
107 182 1
107 189 1
107 199 1
108 113 1
108 115 1
108 116 1
108 117 1
108 142 1
108 146 1
108 152 1
108 172 1
108 177 1
108 197 1
109 111 1
109 122 1
109 125 1
109 129 1
109 138 1
109 142 1
109 144 1
109 149 1
109 173 1
109 183 1
109 186 1
110 117 1
110 129 1
110 133 1
110 152 1
110 153 1
110 166 1
110 167 1
110 171 1
110 174 1
110 188 1
110 190 1
110 192 1
111 112 1
111 123 1
111 160 1
111 163 1
111 169 1
111 170 1
111 187 1
111 192 1
111 198 1
112 115 1
112 116 1
112 119 1
112 128 1
112 131 1
112 146 1
112 155 1
112 156 1
112 170 1
112 171 1
112 172 1
112 173 1
112 200 1
113 137 1
113 157 1
113 185 1
113 187 1
113 198 1
114 122 1
114 128 1
114 135 1
114 136 1
114 146 1
114 152 1
114 178 1
114 187 1
114 191 1
114 193 1
114 199 1
115 116 1
115 119 1
115 124 1
115 132 1
115 137 1
115 144 1
115 158 1
115 183 1
115 191 1
115 193 1
115 197 1
116 117 1
116 124 1
116 140 1
116 172 1
116 177 1
117 124 1
117 132 1
117 151 1
117 153 1
117 154 1
117 159 1
117 161 1
117 170 1
117 171 1
117 177 1
117 180 1
117 186 1
117 190 1
118 126 1
118 129 1
118 132 1
118 139 1
118 160 1
118 162 1
118 180 1
118 186 1
118 190 1
118 198 1
119 128 1
119 135 1
119 140 1
119 155 1
119 166 1
119 175 1
119 176 1
119 177 1
119 178 1
119 195 1
120 122 1
120 136 1
120 141 1
120 153 1
120 172 1
121 125 1
121 126 1
121 132 1
121 136 1
121 139 1
121 156 1
121 161 1
121 162 1
121 165 1
121 170 1
121 185 1
121 189 1
121 194 1
122 124 1
122 143 1
122 144 1
122 159 1
122 165 1
122 174 1
122 187 1
122 189 1
123 124 1
123 128 1
123 135 1
123 137 1
123 139 1
123 143 1
123 149 1
123 160 1
123 161 1
123 162 1
124 152 1
124 155 1
124 156 1
124 169 1
124 172 1
124 180 1
124 187 1
124 198 1
125 139 1
125 160 1
125 163 1
125 166 1
125 172 1
125 187 1
126 132 1
126 140 1
126 147 1
126 150 1
126 153 1
126 161 1
126 164 1
126 166 1
126 174 1
126 176 1
126 181 1
126 182 1
126 187 1
126 192 1
126 198 1
127 131 1
127 135 1
127 139 1
127 152 1
127 155 1
127 157 1
127 193 1
127 196 1
127 200 1
128 131 1
128 144 1
128 150 1
128 162 1
128 175 1
128 199 1
129 131 1
129 142 1
129 148 1
129 166 1
129 169 1
129 177 1
129 185 1
129 193 1
129 195 1
130 136 1
130 157 1
130 177 1
130 185 1
130 186 1
130 191 1
130 192 1
130 193 1
130 199 1
131 136 1
131 141 1
131 147 1
131 154 1
131 159 1
131 166 1
131 167 1
131 169 1
131 174 1
131 179 1
131 182 1
131 192 1
131 194 1
132 148 1
132 162 1
132 173 1
132 190 1
132 194 1
132 196 1
133 137 1
133 149 1
133 161 1
133 172 1
133 177 1
133 180 1
133 197 1
133 200 1
134 138 1
134 142 1
134 144 1
134 173 1
134 187 1
134 196 1
135 139 1
135 140 1
135 152 1
135 154 1
135 159 1
135 169 1
135 171 1
135 176 1
135 185 1
135 189 1
136 153 1
136 157 1
136 171 1
136 172 1
136 179 1
136 187 1
136 197 1
137 140 1
137 141 1
137 147 1
137 170 1
137 174 1
137 189 1
138 156 1
138 161 1
138 167 1
138 170 1
138 171 1
138 174 1
138 195 1
139 144 1
139 180 1
139 183 1
139 194 1
139 195 1
140 155 1
140 170 1
140 173 1
140 186 1
141 149 1
141 168 1
141 169 1
141 182 1
141 191 1
141 198 1
142 145 1
142 156 1
142 174 1
142 175 1
142 176 1
143 151 1
143 160 1
143 164 1
143 194 1
144 150 1
144 165 1
145 146 1
145 152 1
145 157 1
145 164 1
145 173 1
145 180 1
146 154 1
146 155 1
146 162 1
146 198 1
147 148 1
147 158 1
147 165 1
147 172 1
147 177 1
147 178 1
147 183 1
147 190 1
148 150 1
148 158 1
148 166 1
148 182 1
148 193 1
149 156 1
149 158 1
149 161 1
149 162 1
149 163 1
149 166 1
149 187 1
149 196 1
150 151 1
150 162 1
150 169 1
150 182 1
150 200 1
151 153 1
151 168 1
151 179 1
151 191 1
151 193 1
151 195 1
151 199 1
152 189 1
152 198 1
153 180 1
153 183 1
153 198 1
154 161 1
154 178 1
155 158 1
155 169 1
155 175 1
155 183 1
155 197 1
155 199 1
156 166 1
156 170 1
156 172 1
156 173 1
156 179 1
156 183 1
156 194 1
156 195 1
156 199 1
157 172 1
157 179 1
157 181 1
157 196 1
158 160 1
158 162 1
158 164 1
158 182 1
158 183 1
158 184 1
158 196 1
159 171 1
159 173 1
159 188 1
159 193 1
160 189 1
160 192 1
161 166 1
161 176 1
161 181 1
161 187 1
162 166 1
162 171 1
162 172 1
162 188 1
163 170 1
163 171 1
163 190 1
163 192 1
163 197 1
164 172 1
164 181 1
164 182 1
164 184 1
164 187 1
164 191 1
165 169 1
165 175 1
165 177 1
165 181 1
166 172 1
166 176 1
166 178 1
166 193 1
167 171 1
167 183 1
167 188 1
167 197 1
167 199 1
168 172 1
168 178 1
168 179 1
168 185 1
168 188 1
169 176 1
169 182 1
169 191 1
170 182 1
170 185 1
170 191 1
170 194 1
170 199 1
171 175 1
171 176 1
171 193 1
172 192 1
173 189 1
173 194 1
174 178 1
174 179 1
174 186 1
174 193 1
174 197 1
175 189 1
175 195 1
176 184 1
176 196 1
176 199 1
177 181 1
177 193 1
177 195 1
177 196 1
178 183 1
178 195 1
178 196 1
178 198 1
179 191 1
179 196 1
179 199 1
179 200 1
180 188 1
180 190 1
180 198 1
182 196 1
182 198 1
183 184 1
183 190 1
183 192 1
184 186 1
186 193 1
186 194 1
188 192 1
188 193 1
198 200 1
