%%MatrixMarket matrix coordinate integer general
200 200 2229
1 15 1
1 19 1
1 20 1
1 23 1
1 25 1
1 34 1
1 38 1
1 49 1
1 51 1
1 69 1
1 70 1
1 73 1
1 74 1
1 89 1
1 97 1
1 101 1
1 109 1
1 125 1
1 127 1
1 137 1
1 141 1
1 145 1
1 150 1
2 18 1
2 38 1
2 42 1
2 62 1
2 66 1
2 70 1
2 78 1
2 85 1
2 90 1
2 94 1
2 95 1
2 111 1
2 132 1
2 134 1
2 138 1
2 142 1
2 148 1
2 152 1
2 175 1
2 182 1
2 187 1
3 11 1
3 47 1
3 51 1
3 59 1
3 80 1
3 83 1
3 87 1
3 95 1
3 99 1
3 103 1
3 107 1
3 111 1
3 131 1
3 132 1
3 134 1
3 135 1
3 147 1
3 151 1
3 153 1
3 179 1
3 187 1
4 13 1
4 27 1
4 40 1
4 44 1
4 48 1
4 74 1
4 84 1
4 90 1
4 116 1
4 120 1
4 135 1
4 189 1
5 9 1
5 15 1
5 21 1
5 25 1
5 46 1
5 51 1
5 113 1
5 117 1
5 126 1
5 145 1
5 161 1
5 165 1
5 189 1
6 10 1
6 12 1
6 14 1
6 22 1
6 35 1
6 71 1
6 76 1
6 78 1
6 79 1
6 82 1
6 88 1
6 90 1
6 94 1
6 96 1
6 102 1
6 110 1
6 116 1
6 118 1
6 135 1
6 142 1
6 144 1
6 150 1
6 152 1
6 158 1
6 170 1
6 182 1
6 186 1
6 190 1
6 194 1
6 196 1
6 198 1
6 200 1
7 11 1
7 35 1
7 39 1
7 43 1
7 47 1
7 50 1
7 67 1
7 73 1
7 75 1
7 80 1
7 83 1
7 107 1
7 124 1
7 127 1
7 144 1
7 157 1
7 159 1
7 181 1
8 16 1
8 21 1
8 32 1
8 36 1
8 48 1
8 52 1
8 56 1
8 63 1
8 72 1
8 76 1
8 80 1
8 86 1
8 100 1
8 108 1
8 129 1
8 140 1
8 160 1
8 176 1
8 187 1
9 17 1
9 21 1
9 29 1
9 36 1
9 53 1
9 61 1
9 76 1
9 81 1
9 83 1
9 89 1
9 97 1
9 101 1
9 123 1
9 125 1
9 133 1
9 152 1
9 153 1
9 165 1
9 169 1
9 173 1
9 189 1
10 12 1
10 14 1
10 18 1
10 34 1
10 42 1
10 46 1
10 49 1
10 50 1
10 54 1
10 55 1
10 76 1
10 78 1
10 86 1
10 92 1
10 104 1
10 134 1
10 146 1
10 160 1
10 175 1
10 177 1
10 178 1
10 186 1
10 192 1
11 23 1
11 35 1
11 52 1
11 56 1
11 59 1
11 63 1
11 65 1
11 66 1
11 67 1
11 75 1
11 77 1
11 83 1
11 87 1
11 95 1
11 103 1
11 119 1
11 138 1
11 139 1
11 159 1
11 163 1
11 171 1
11 175 1
11 178 1
11 191 1
11 199 1
11 200 1
12 20 1
12 32 1
12 44 1
12 45 1
12 49 1
12 60 1
12 71 1
12 72 1
12 81 1
12 83 1
12 100 1
12 102 1
12 104 1
12 130 1
12 132 1
12 134 1
12 136 1
12 148 1
12 152 1
12 156 1
12 159 1
12 160 1
12 174 1
12 180 1
12 182 1
12 190 1
12 192 1
12 200 1
13 20 1
13 23 1
13 25 1
13 29 1
13 45 1
13 77 1
13 79 1
13 85 1
13 91 1
13 101 1
13 109 1
13 127 1
13 133 1
13 145 1
13 167 1
13 173 1
13 177 1
13 197 1
13 198 1
14 18 1
14 24 1
14 38 1
14 39 1
14 42 1
14 43 1
14 54 1
14 60 1
14 66 1
14 74 1
14 77 1
14 82 1
14 86 1
14 110 1
14 122 1
14 133 1
14 138 1
14 142 1
14 146 1
14 150 1
14 158 1
14 170 1
14 181 1
14 186 1
14 193 1
14 200 1
15 19 1
15 27 1
15 43 1
15 51 1
15 55 1
15 67 1
15 71 1
15 83 1
15 84 1
15 95 1
15 107 1
15 118 1
15 119 1
15 131 1
15 143 1
15 152 1
15 162 1
15 163 1
15 175 1
15 199 1
16 18 1
16 24 1
16 26 1
16 33 1
16 40 1
16 44 1
16 45 1
16 48 1
16 60 1
16 64 1
16 71 1
16 72 1
16 80 1
16 84 1
16 88 1
16 92 1
16 95 1
16 96 1
16 100 1
16 111 1
16 144 1
16 147 1
16 160 1
16 174 1
16 192 1
16 196 1
16 200 1
17 28 1
17 29 1
17 33 1
17 35 1
17 45 1
17 49 1
17 69 1
17 71 1
17 73 1
17 101 1
17 109 1
17 119 1
17 121 1
17 123 1
17 135 1
17 141 1
17 149 1
17 153 1
17 162 1
18 21 1
18 50 1
18 56 1
18 59 1
18 62 1
18 74 1
18 82 1
18 90 1
18 92 1
18 100 1
18 178 1
18 187 1
18 190 1
18 191 1
18 197 1
19 47 1
19 55 1
19 56 1
19 62 1
19 63 1
19 79 1
19 83 1
19 119 1
19 120 1
19 125 1
19 131 1
19 146 1
19 147 1
19 155 1
19 161 1
19 166 1
19 175 1
19 191 1
20 31 1
20 32 1
20 44 1
20 53 1
20 66 1
20 68 1
20 72 1
20 80 1
20 108 1
20 112 1
20 136 1
20 140 1
20 144 1
20 145 1
20 152 1
20 164 1
20 176 1
20 182 1
20 184 1
20 196 1
21 33 1
21 36 1
21 41 1
21 53 1
21 61 1
21 68 1
21 81 1
21 85 1
21 91 1
21 101 1
21 104 1
21 113 1
21 121 1
21 123 1
21 129 1
21 169 1
21 177 1
21 181 1
21 185 1
21 188 1
21 192 1
22 24 1
22 34 1
22 38 1
22 54 1
22 62 1
22 80 1
22 84 1
22 86 1
22 90 1
22 103 1
22 106 1
22 110 1
22 128 1
22 129 1
22 132 1
22 138 1
22 149 1
22 164 1
22 182 1
22 189 1
22 194 1
23 28 1
23 31 1
23 51 1
23 83 1
23 90 1
23 91 1
23 103 1
23 131 1
23 139 1
23 147 1
23 155 1
23 157 1
23 161 1
23 163 1
23 171 1
23 187 1
23 198 1
24 29 1
24 34 1
24 36 1
24 44 1
24 48 1
24 52 1
24 57 1
24 59 1
24 68 1
24 80 1
24 81 1
24 104 1
24 107 1
24 112 1
24 119 1
24 121 1
24 128 1
24 132 1
24 147 1
24 148 1
24 167 1
24 180 1
24 184 1
24 189 1
24 196 1
24 200 1
25 37 1
25 38 1
25 41 1
25 53 1
25 69 1
25 84 1
25 92 1
25 94 1
25 99 1
25 105 1
25 109 1
25 113 1
25 124 1
25 135 1
25 149 1
25 157 1
25 159 1
25 161 1
26 42 1
26 47 1
26 50 1
26 62 1
26 64 1
26 70 1
26 71 1
26 98 1
26 108 1
26 110 1
26 114 1
26 125 1
26 130 1
26 134 1
26 153 1
26 155 1
26 158 1
26 168 1
27 59 1
27 67 1
27 75 1
27 83 1
27 87 1
27 95 1
27 98 1
27 107 1
27 127 1
27 130 1
27 131 1
27 139 1
27 142 1
27 158 1
27 175 1
27 179 1
27 187 1
27 191 1
28 32 1
28 40 1
28 48 1
28 51 1
28 52 1
28 75 1
28 76 1
28 104 1
28 124 1
28 132 1
28 144 1
28 148 1
28 180 1
28 183 1
28 188 1
29 30 1
29 38 1
29 41 1
29 53 1
29 64 1
29 85 1
29 93 1
29 97 1
29 111 1
29 115 1
29 129 1
29 130 1
29 137 1
29 153 1
29 165 1
29 182 1
29 189 1
29 193 1
29 197 1
30 35 1
30 37 1
30 38 1
30 39 1
30 50 1
30 62 1
30 66 1
30 74 1
30 78 1
30 83 1
30 86 1
30 94 1
30 98 1
30 110 1
30 120 1
30 122 1
30 130 1
30 134 1
30 142 1
30 159 1
30 167 1
30 178 1
30 185 1
30 190 1
31 39 1
31 47 1
31 63 1
31 67 1
31 79 1
31 101 1
31 111 1
31 119 1
31 155 1
31 169 1
31 171 1
31 178 1
31 180 1
31 183 1
31 195 1
32 60 1
32 64 1
32 65 1
32 74 1
32 80 1
32 98 1
32 104 1
32 112 1
32 116 1
32 132 1
32 140 1
32 142 1
32 156 1
32 159 1
32 171 1
32 176 1
32 180 1
32 184 1
33 38 1
33 51 1
33 57 1
33 65 1
33 77 1
33 89 1
33 93 1
33 101 1
33 105 1
33 115 1
33 121 1
33 125 1
33 137 1
33 141 1
33 148 1
33 149 1
33 157 1
33 171 1
33 181 1
33 183 1
33 189 1
33 190 1
34 36 1
34 54 1
34 66 1
34 70 1
34 74 1
34 78 1
34 98 1
34 102 1
34 108 1
34 113 1
34 126 1
34 142 1
34 157 1
34 162 1
34 171 1
34 178 1
34 181 1
34 186 1
34 189 1
34 196 1
35 43 1
35 49 1
35 55 1
35 62 1
35 71 1
35 78 1
35 79 1
35 86 1
35 119 1
35 130 1
35 132 1
35 137 1
35 163 1
35 171 1
35 179 1
35 182 1
35 183 1
35 195 1
35 199 1
36 60 1
36 73 1
36 80 1
36 88 1
36 96 1
36 100 1
36 108 1
36 117 1
36 119 1
36 124 1
36 152 1
36 156 1
36 164 1
36 170 1
36 172 1
36 179 1
36 180 1
36 184 1
36 200 1
37 41 1
37 57 1
37 58 1
37 61 1
37 100 1
37 109 1
37 113 1
37 129 1
37 141 1
37 149 1
37 161 1
37 169 1
37 173 1
37 176 1
37 182 1
37 186 1
37 197 1
38 42 1
38 43 1
38 50 1
38 54 1
38 56 1
38 65 1
38 68 1
38 72 1
38 73 1
38 78 1
38 98 1
38 110 1
38 114 1
38 118 1
38 134 1
38 166 1
38 178 1
39 55 1
39 60 1
39 61 1
39 65 1
39 67 1
39 87 1
39 91 1
39 99 1
39 116 1
39 123 1
39 127 1
39 131 1
39 151 1
39 155 1
39 159 1
39 167 1
39 191 1
39 195 1
39 196 1
40 49 1
40 50 1
40 52 1
40 60 1
40 63 1
40 81 1
40 88 1
40 91 1
40 92 1
40 96 1
40 100 1
40 104 1
40 105 1
40 108 1
40 109 1
40 114 1
40 124 1
40 132 1
40 138 1
40 140 1
40 155 1
40 164 1
40 172 1
41 49 1
41 57 1
41 77 1
41 80 1
41 97 1
41 103 1
41 117 1
41 128 1
41 133 1
41 135 1
41 175 1
41 185 1
41 189 1
41 193 1
42 55 1
42 58 1
42 78 1
42 91 1
42 94 1
42 101 1
42 122 1
42 134 1
42 141 1
42 142 1
42 158 1
42 166 1
42 176 1
42 182 1
42 186 1
42 198 1
43 51 1
43 79 1
43 82 1
43 83 1
43 107 1
43 138 1
43 147 1
43 161 1
43 163 1
43 175 1
43 177 1
43 183 1
43 188 1
43 197 1
44 56 1
44 68 1
44 76 1
44 92 1
44 97 1
44 99 1
44 100 1
44 108 1
44 112 1
44 116 1
44 132 1
44 137 1
44 138 1
44 140 1
44 150 1
44 172 1
44 200 1
45 68 1
45 81 1
45 83 1
45 85 1
45 97 1
45 101 1
45 111 1
45 113 1
45 117 1
45 140 1
45 158 1
45 165 1
45 169 1
45 175 1
45 197 1
46 47 1
46 54 1
46 55 1
46 59 1
46 78 1
46 102 1
46 108 1
46 118 1
46 138 1
46 142 1
46 146 1
46 147 1
46 150 1
46 154 1
46 170 1
46 194 1
47 52 1
47 55 1
47 57 1
47 63 1
47 71 1
47 94 1
47 107 1
47 110 1
47 111 1
47 115 1
47 118 1
47 119 1
47 129 1
47 131 1
47 151 1
47 158 1
47 167 1
47 168 1
47 176 1
47 192 1
48 52 1
48 53 1
48 56 1
48 58 1
48 76 1
48 80 1
48 96 1
48 112 1
48 119 1
48 120 1
48 122 1
48 139 1
48 152 1
48 164 1
48 184 1
48 185 1
49 53 1
49 55 1
49 57 1
49 61 1
49 65 1
49 69 1
49 96 1
49 97 1
49 110 1
49 113 1
49 124 1
49 139 1
49 145 1
49 149 1
49 161 1
49 197 1
50 54 1
50 58 1
50 59 1
50 66 1
50 70 1
50 75 1
50 82 1
50 106 1
50 137 1
50 141 1
50 142 1
50 144 1
50 146 1
50 149 1
50 150 1
50 166 1
50 168 1
50 170 1
50 192 1
51 67 1
51 71 1
51 87 1
51 93 1
51 99 1
51 103 1
51 112 1
51 115 1
51 122 1
51 135 1
51 139 1
51 151 1
51 159 1
51 163 1
51 167 1
51 169 1
51 171 1
51 179 1
51 187 1
51 199 1
52 64 1
52 68 1
52 72 1
52 81 1
52 90 1
52 92 1
52 104 1
52 108 1
52 112 1
52 120 1
52 124 1
52 128 1
52 134 1
52 136 1
52 152 1
52 178 1
52 179 1
52 180 1
52 200 1
53 61 1
53 65 1
53 109 1
53 120 1
53 122 1
53 133 1
53 141 1
53 145 1
53 161 1
53 165 1
53 174 1
53 197 1
54 57 1
54 64 1
54 65 1
54 66 1
54 98 1
54 114 1
54 118 1
54 126 1
54 130 1
54 158 1
54 182 1
54 185 1
54 190 1
55 119 1
55 120 1
55 125 1
55 135 1
55 143 1
55 145 1
55 147 1
55 160 1
55 165 1
55 175 1
55 179 1
55 183 1
55 185 1
55 195 1
56 64 1
56 68 1
56 79 1
56 83 1
56 103 1
56 104 1
56 108 1
56 112 1
56 116 1
56 120 1
56 124 1
56 128 1
56 131 1
56 136 1
56 140 1
56 141 1
56 162 1
56 168 1
56 179 1
56 180 1
56 188 1
57 60 1
57 61 1
57 81 1
57 113 1
57 129 1
57 137 1
57 141 1
57 142 1
57 153 1
57 169 1
57 177 1
58 72 1
58 78 1
58 89 1
58 93 1
58 99 1
58 100 1
58 104 1
58 110 1
58 118 1
58 120 1
58 123 1
58 128 1
58 130 1
58 141 1
58 142 1
58 146 1
58 150 1
58 158 1
58 160 1
58 161 1
58 170 1
58 179 1
58 182 1
58 186 1
58 198 1
59 81 1
59 92 1
59 95 1
59 111 1
59 115 1
59 134 1
59 179 1
59 184 1
59 194 1
59 195 1
59 199 1
60 72 1
60 76 1
60 78 1
60 92 1
60 96 1
60 111 1
60 116 1
60 143 1
60 150 1
60 154 1
60 156 1
60 158 1
60 164 1
60 195 1
61 62 1
61 77 1
61 79 1
61 81 1
61 82 1
61 85 1
61 93 1
61 109 1
61 113 1
61 130 1
61 137 1
61 149 1
61 166 1
61 168 1
61 181 1
61 189 1
61 193 1
61 197 1
61 198 1
61 199 1
62 66 1
62 87 1
62 101 1
62 126 1
62 130 1
62 133 1
62 138 1
62 161 1
62 162 1
62 166 1
62 174 1
62 178 1
62 198 1
63 65 1
63 66 1
63 71 1
63 75 1
63 78 1
63 79 1
63 83 1
63 107 1
63 135 1
63 139 1
63 146 1
63 153 1
63 159 1
63 171 1
63 174 1
63 177 1
63 191 1
63 195 1
63 199 1
64 68 1
64 75 1
64 88 1
64 92 1
64 101 1
64 104 1
64 108 1
64 120 1
64 136 1
64 148 1
64 161 1
64 171 1
64 172 1
64 176 1
64 177 1
64 180 1
64 181 1
64 182 1
64 184 1
65 69 1
65 76 1
65 87 1
65 89 1
65 91 1
65 93 1
65 101 1
65 104 1
65 105 1
65 109 1
65 118 1
65 143 1
65 173 1
65 177 1
65 181 1
65 185 1
66 78 1
66 102 1
66 134 1
66 142 1
66 151 1
66 162 1
66 165 1
66 186 1
66 198 1
67 71 1
67 95 1
67 97 1
67 99 1
67 103 1
67 110 1
67 127 1
67 139 1
67 142 1
67 147 1
67 154 1
67 159 1
67 176 1
67 179 1
67 180 1
67 186 1
68 70 1
68 88 1
68 92 1
68 94 1
68 100 1
68 104 1
68 109 1
68 124 1
68 132 1
68 151 1
68 158 1
68 168 1
68 172 1
68 174 1
68 181 1
68 186 1
68 200 1
69 75 1
69 81 1
69 89 1
69 92 1
69 93 1
69 101 1
69 103 1
69 105 1
69 117 1
69 121 1
69 129 1
69 133 1
69 137 1
69 139 1
69 161 1
69 170 1
69 175 1
69 177 1
69 181 1
69 185 1
69 189 1
69 198 1
70 110 1
70 118 1
70 126 1
70 142 1
70 196 1
71 83 1
71 87 1
71 91 1
71 99 1
71 103 1
71 119 1
71 120 1
71 130 1
71 138 1
71 155 1
71 159 1
71 171 1
71 183 1
71 187 1
71 191 1
72 73 1
72 84 1
72 92 1
72 93 1
72 98 1
72 104 1
72 108 1
72 112 1
72 116 1
72 120 1
72 123 1
72 124 1
72 136 1
72 139 1
72 148 1
72 152 1
72 164 1
72 173 1
72 176 1
72 179 1
73 75 1
73 77 1
73 78 1
73 81 1
73 117 1
73 121 1
73 125 1
73 129 1
73 141 1
73 148 1
73 175 1
73 177 1
73 181 1
73 183 1
73 185 1
74 78 1
74 90 1
74 92 1
74 94 1
74 98 1
74 118 1
74 122 1
74 127 1
74 135 1
74 152 1
74 164 1
74 165 1
74 170 1
74 174 1
74 190 1
75 77 1
75 82 1
75 85 1
75 94 1
75 99 1
75 109 1
75 111 1
75 115 1
75 123 1
75 130 1
75 139 1
75 149 1
75 151 1
75 152 1
75 171 1
75 179 1
75 183 1
75 187 1
76 93 1
76 96 1
76 128 1
76 143 1
76 160 1
76 161 1
76 166 1
76 168 1
76 175 1
76 180 1
76 188 1
76 192 1
76 200 1
77 97 1
77 113 1
77 119 1
77 126 1
77 129 1
77 133 1
77 137 1
77 151 1
77 165 1
77 169 1
77 177 1
77 183 1
77 185 1
77 189 1
77 197 1
78 79 1
78 86 1
78 90 1
78 97 1
78 115 1
78 122 1
78 126 1
78 129 1
78 138 1
78 164 1
78 166 1
78 174 1
78 190 1
78 194 1
78 198 1
79 99 1
79 109 1
79 119 1
79 127 1
79 135 1
79 139 1
79 171 1
79 186 1
79 195 1
80 84 1
80 88 1
80 92 1
80 108 1
80 120 1
80 124 1
80 136 1
80 143 1
80 144 1
80 148 1
80 163 1
80 164 1
80 168 1
80 180 1
80 181 1
80 189 1
81 97 1
81 101 1
81 104 1
81 105 1
81 113 1
81 121 1
81 129 1
81 133 1
81 137 1
81 153 1
81 157 1
81 185 1
82 90 1
82 106 1
82 118 1
82 130 1
82 138 1
82 154 1
82 158 1
82 165 1
82 166 1
82 174 1
82 182 1
82 200 1
83 91 1
83 100 1
83 111 1
83 115 1
83 119 1
83 147 1
83 151 1
83 163 1
83 167 1
83 183 1
83 193 1
83 196 1
83 197 1
83 199 1
84 96 1
84 103 1
84 104 1
84 124 1
84 128 1
84 156 1
84 168 1
84 172 1
84 180 1
84 184 1
84 192 1
84 194 1
84 196 1
85 89 1
85 97 1
85 112 1
85 115 1
85 117 1
85 133 1
85 142 1
85 149 1
85 164 1
85 165 1
85 169 1
85 188 1
85 189 1
85 197 1
86 98 1
86 105 1
86 109 1
86 118 1
86 142 1
86 162 1
86 174 1
86 185 1
86 192 1
87 89 1
87 107 1
87 109 1
87 115 1
87 123 1
87 131 1
87 148 1
87 163 1
87 167 1
87 168 1
87 175 1
87 179 1
87 183 1
87 187 1
87 195 1
88 104 1
88 105 1
88 120 1
88 124 1
88 136 1
88 144 1
88 148 1
88 179 1
88 180 1
88 184 1
88 192 1
89 92 1
89 116 1
89 125 1
89 129 1
89 173 1
90 97 1
90 98 1
90 122 1
90 125 1
90 134 1
90 135 1
90 139 1
90 142 1
90 150 1
90 162 1
90 164 1
90 170 1
90 174 1
90 183 1
90 184 1
90 186 1
90 191 1
91 95 1
91 99 1
91 107 1
91 116 1
91 127 1
91 132 1
91 135 1
91 139 1
91 156 1
91 164 1
91 177 1
91 179 1
91 182 1
91 191 1
91 192 1
92 100 1
92 116 1
92 117 1
92 132 1
92 133 1
92 144 1
92 152 1
92 160 1
92 168 1
92 172 1
92 184 1
92 193 1
93 97 1
93 109 1
93 122 1
93 138 1
93 141 1
93 150 1
93 161 1
93 169 1
93 177 1
93 181 1
93 183 1
94 102 1
94 106 1
94 110 1
94 126 1
94 130 1
94 135 1
94 147 1
94 156 1
94 165 1
94 180 1
94 184 1
95 98 1
95 119 1
95 120 1
95 132 1
95 143 1
95 153 1
95 155 1
95 159 1
95 167 1
95 175 1
95 186 1
95 195 1
96 115 1
96 125 1
96 128 1
96 132 1
96 139 1
96 144 1
96 148 1
96 158 1
96 160 1
96 164 1
96 168 1
96 172 1
96 176 1
96 188 1
97 121 1
97 129 1
97 133 1
97 139 1
97 149 1
97 153 1
97 156 1
97 157 1
97 164 1
97 169 1
97 181 1
97 189 1
97 194 1
98 107 1
98 108 1
98 114 1
98 118 1
98 130 1
98 132 1
98 138 1
98 142 1
98 158 1
98 178 1
98 182 1
98 190 1
99 112 1
99 151 1
99 155 1
99 156 1
99 163 1
99 167 1
99 175 1
99 179 1
99 183 1
100 120 1
100 128 1
100 132 1
100 136 1
100 140 1
100 155 1
100 156 1
100 160 1
100 176 1
101 102 1
101 121 1
101 137 1
101 148 1
101 153 1
101 165 1
101 166 1
101 173 1
101 189 1
101 194 1
101 197 1
102 106 1
102 109 1
102 113 1
102 114 1
102 130 1
102 138 1
102 158 1
102 178 1
102 194 1
102 200 1
103 143 1
103 146 1
103 147 1
103 157 1
103 158 1
103 175 1
103 184 1
104 120 1
104 140 1
104 172 1
104 177 1
104 186 1
104 192 1
104 197 1
105 107 1
105 109 1
105 111 1
105 133 1
105 153 1
105 161 1
105 165 1
105 173 1
105 177 1
105 179 1
105 182 1
105 189 1
105 196 1
106 116 1
106 120 1
106 146 1
106 154 1
106 156 1
106 178 1
106 182 1
106 185 1
106 190 1
106 194 1
107 127 1
107 135 1
107 156 1
107 167 1
107 171 1
107 175 1
107 182 1
107 199 1
108 120 1
108 124 1
108 137 1
108 140 1
108 142 1
108 164 1
108 166 1
108 180 1
108 185 1
108 188 1
108 192 1
108 198 1
109 111 1
109 113 1
109 117 1
109 121 1
109 124 1
109 132 1
109 141 1
109 145 1
109 165 1
109 167 1
109 200 1
110 134 1
110 138 1
110 146 1
110 150 1
110 151 1
110 152 1
110 158 1
110 162 1
110 170 1
110 173 1
110 174 1
110 178 1
110 194 1
111 128 1
111 132 1
111 137 1
111 144 1
111 146 1
111 147 1
111 151 1
111 159 1
111 163 1
111 167 1
111 179 1
111 183 1
111 189 1
112 144 1
112 147 1
112 152 1
112 156 1
112 160 1
112 168 1
112 173 1
112 176 1
112 184 1
112 196 1
112 200 1
113 145 1
113 153 1
113 163 1
113 165 1
113 173 1
113 185 1
113 189 1
113 193 1
114 118 1
114 119 1
114 122 1
114 134 1
114 137 1
114 142 1
114 146 1
114 158 1
114 162 1
114 170 1
114 178 1
114 182 1
114 190 1
115 126 1
115 167 1
115 173 1
115 187 1
115 189 1
115 200 1
116 120 1
116 127 1
116 135 1
116 144 1
116 148 1
116 156 1
116 160 1
116 162 1
116 180 1
116 188 1
116 196 1
117 129 1
117 149 1
117 161 1
117 177 1
117 178 1
117 187 1
117 193 1
118 130 1
118 142 1
118 157 1
118 179 1
118 184 1
118 186 1
118 189 1
118 194 1
119 122 1
119 123 1
119 139 1
119 141 1
119 143 1
119 147 1
119 163 1
119 171 1
119 173 1
119 187 1
119 200 1
120 144 1
120 152 1
120 156 1
120 160 1
120 164 1
120 196 1
121 125 1
121 128 1
121 137 1
121 157 1
121 173 1
121 177 1
121 189 1
122 130 1
122 134 1
122 138 1
122 144 1
122 146 1
122 150 1
122 154 1
122 171 1
122 174 1
123 131 1
123 137 1
123 139 1
123 141 1
123 155 1
123 163 1
124 125 1
124 132 1
124 140 1
124 143 1
124 144 1
124 154 1
124 155 1
124 185 1
124 192 1
124 196 1
125 132 1
125 135 1
125 138 1
125 140 1
125 145 1
125 147 1
125 162 1
125 165 1
125 176 1
125 177 1
125 182 1
125 183 1
125 186 1
125 193 1
125 194 1
125 197 1
126 138 1
126 146 1
126 149 1
126 150 1
126 158 1
126 163 1
126 166 1
126 182 1
126 185 1
126 194 1
126 198 1
126 199 1
127 141 1
127 143 1
127 144 1
127 147 1
127 163 1
127 171 1
127 195 1
128 140 1
128 148 1
128 152 1
128 153 1
128 176 1
128 177 1
128 195 1
129 145 1
129 149 1
129 151 1
129 153 1
129 165 1
129 169 1
129 173 1
129 177 1
129 181 1
130 142 1
130 150 1
130 166 1
130 174 1
130 178 1
130 186 1
130 190 1
131 135 1
131 139 1
131 140 1
131 155 1
131 159 1
131 168 1
132 133 1
132 135 1
132 145 1
132 152 1
132 174 1
132 192 1
132 196 1
133 141 1
133 149 1
133 153 1
133 157 1
133 159 1
133 165 1
133 170 1
133 173 1
133 189 1
133 193 1
134 137 1
134 154 1
134 166 1
134 174 1
134 194 1
135 139 1
135 151 1
135 175 1
135 179 1
135 183 1
135 187 1
135 196 1
136 140 1
136 149 1
136 152 1
136 161 1
136 180 1
136 190 1
136 192 1
136 194 1
136 200 1
137 145 1
137 157 1
137 165 1
137 167 1
137 173 1
137 177 1
137 181 1
137 187 1
137 193 1
138 151 1
138 154 1
138 158 1
138 162 1
138 170 1
138 171 1
138 174 1
138 178 1
138 193 1
139 144 1
139 151 1
139 165 1
139 183 1
139 187 1
139 191 1
140 180 1
140 193 1
141 147 1
141 153 1
141 161 1
141 165 1
141 174 1
141 181 1
141 193 1
142 154 1
142 158 1
142 169 1
142 170 1
142 171 1
142 178 1
142 186 1
142 190 1
143 159 1
143 163 1
143 167 1
143 171 1
143 179 1
143 186 1
143 194 1
144 164 1
144 168 1
144 176 1
144 186 1
144 192 1
145 150 1
145 165 1
145 170 1
145 173 1
145 180 1
145 181 1
145 197 1
146 147 1
146 148 1
146 150 1
146 166 1
146 181 1
146 182 1
146 186 1
147 163 1
147 167 1
147 171 1
147 179 1
147 183 1
148 155 1
148 156 1
148 168 1
148 174 1
148 176 1
148 200 1
149 157 1
149 161 1
149 182 1
149 189 1
149 197 1
150 166 1
150 171 1
150 182 1
150 188 1
150 189 1
151 159 1
151 163 1
151 167 1
151 168 1
151 173 1
151 175 1
151 183 1
151 187 1
152 158 1
152 190 1
152 192 1
152 196 1
153 164 1
153 165 1
153 169 1
153 173 1
153 177 1
153 181 1
153 185 1
153 191 1
154 173 1
154 174 1
154 178 1
154 180 1
154 184 1
154 191 1
154 196 1
155 158 1
155 159 1
155 179 1
155 195 1
155 199 1
156 177 1
156 180 1
156 189 1
156 192 1
156 196 1
157 161 1
157 170 1
157 177 1
157 195 1
158 166 1
158 170 1
158 187 1
158 190 1
158 197 1
159 163 1
159 170 1
159 175 1
159 179 1
159 184 1
160 188 1
160 199 1
160 200 1
161 185 1
161 197 1
162 166 1
162 173 1
162 190 1
163 172 1
163 187 1
163 191 1
163 200 1
164 173 1
164 188 1
164 195 1
164 200 1
165 177 1
165 185 1
166 170 1
166 171 1
166 177 1
167 169 1
167 183 1
167 187 1
167 195 1
167 199 1
168 179 1
168 192 1
169 177 1
169 193 1
170 174 1
170 188 1
170 194 1
171 179 1
171 191 1
172 176 1
172 188 1
172 192 1
172 193 1
172 196 1
172 199 1
172 200 1
173 183 1
173 189 1
173 194 1
173 197 1
174 180 1
174 190 1
174 198 1
175 179 1
175 181 1
175 183 1
175 191 1
175 195 1
175 199 1
176 196 1
178 188 1
178 198 1
178 200 1
179 183 1
179 186 1
179 187 1
179 191 1
179 196 1
180 187 1
180 196 1
182 186 1
182 198 1
183 199 1
184 186 1
184 188 1
184 196 1
185 197 1
186 190 1
186 200 1
187 199 1
188 196 1
189 191 1
190 198 1
192 196 1
193 197 1
195 200 1
196 198 1
