%%MatrixMarket matrix coordinate integer general
62 62 159
1 2 1
1 6 1
1 7 1
1 17 1
1 37 1
2 3 1
2 4 1
2 5 1
2 6 1
2 7 1
3 5 1
3 21 1
3 34 1
3 39 1
3 41 1
3 42 1
3 43 1
3 44 1
3 45 1
3 46 1
3 47 1
4 5 1
4 22 1
4 35 1
4 42 1
4 48 1
4 49 1
5 14 1
5 31 1
5 34 1
5 39 1
5 47 1
6 7 1
6 17 1
6 32 1
6 46 1
7 13 1
7 32 1
7 33 1
8 9 1
8 12 1
8 25 1
8 27 1
8 29 1
8 30 1
8 50 1
8 51 1
8 52 1
9 10 1
9 11 1
9 12 1
9 13 1
9 14 1
9 15 1
9 16 1
10 16 1
10 31 1
10 32 1
11 12 1
11 51 1
12 31 1
12 51 1
13 20 1
13 32 1
13 33 1
14 22 1
14 33 1
14 34 1
14 54 1
14 58 1
15 16 1
15 25 1
15 27 1
15 29 1
16 27 1
16 29 1
16 30 1
16 31 1
17 18 1
17 19 1
18 33 1
18 43 1
18 44 1
19 34 1
19 61 1
20 21 1
20 22 1
20 33 1
20 34 1
20 35 1
21 22 1
22 35 1
23 24 1
23 35 1
23 37 1
23 38 1
23 42 1
23 46 1
23 48 1
23 49 1
23 53 1
23 54 1
25 26 1
25 27 1
25 29 1
25 30 1
25 36 1
26 27 1
26 28 1
26 29 1
27 29 1
27 30 1
27 36 1
28 30 1
29 30 1
29 58 1
29 62 1
31 32 1
33 41 1
33 44 1
33 46 1
33 48 1
34 35 1
34 39 1
34 41 1
34 43 1
34 45 1
34 53 1
35 37 1
35 42 1
35 46 1
35 48 1
35 53 1
35 54 1
36 56 1
37 42 1
37 45 1
37 47 1
37 48 1
37 53 1
37 55 1
39 40 1
39 41 1
39 43 1
39 44 1
39 45 1
39 46 1
39 53 1
41 44 1
41 46 1
42 48 1
43 57 1
44 45 1
44 47 1
44 59 1
45 60 1
45 61 1
48 53 1
57 60 1
