%%MatrixMarket matrix coordinate real general
113 113 2196
1 2 231
1 3 117
1 4 135
1 5 1
1 6 19
1 7 3
1 8 34
1 9 5
1 10 2
1 11 4
1 12 304
1 13 33
1 14 1
1 15 3
1 16 12
1 17 5
1 19 11
1 20 1
1 24 1
1 25 1
1 26 71
1 30 1
1 31 17
1 34 1
1 35 8
1 37 4
1 38 15
1 39 2
1 40 4
1 42 3
1 43 2
1 44 4
1 45 4
1 46 42
1 47 6
1 48 38
1 49 6
1 52 1
1 53 1
1 54 7
1 57 8
1 58 7
1 61 3
1 62 9
1 63 7
1 65 15
1 66 9
1 67 1
1 69 8
1 70 3
1 71 3
1 72 2
1 73 3
1 74 20
1 76 35
1 77 4
1 78 50
1 81 2
1 82 1
1 83 1
1 85 2
1 87 3
1 88 6
1 89 1
1 90 1
1 91 2
1 93 10
1 95 5
1 96 1
1 97 1
1 98 3
1 100 3
1 101 8
1 102 4
1 103 3
1 104 1
1 107 9
1 108 1
1 109 16
1 110 1
1 112 13
1 113 38
2 3 170
2 4 24
2 6 9
2 8 3
2 9 4
2 10 1
2 11 1
2 12 4
2 13 5
2 14 2
2 18 1
2 19 2
2 24 1
2 33 4
2 40 1
2 45 3
2 46 7
2 48 8
2 49 2
2 53 1
2 57 12
2 65 18
2 70 4
2 71 1
2 75 2
2 76 2
2 77 2
2 78 1
2 86 10
2 101 3
2 103 4
2 104 1
2 109 2
3 4 84
3 5 2
3 6 10
3 7 4
3 8 6
3 9 18
3 10 3
3 11 4
3 12 11
3 13 1
3 14 3
3 15 2
3 16 6
3 17 2
3 18 4
3 19 7
3 20 5
3 21 9
3 22 9
3 23 1
3 24 6
3 25 3
3 26 4
3 27 3
3 28 4
3 30 9
3 31 4
3 32 1
3 33 3
3 34 23
3 35 3
3 36 1
3 37 3
3 38 14
3 39 2
3 40 1
3 41 2
3 42 9
3 43 2
3 44 10
3 45 20
3 46 1
3 47 16
3 48 8
3 49 25
3 52 6
3 53 2
3 54 1
3 56 4
3 57 9
3 58 2
3 59 4
3 60 3
3 61 2
3 62 7
3 63 4
3 64 3
3 65 6
3 66 1
3 67 4
3 68 1
3 69 1
3 70 18
3 71 7
3 72 10
3 73 1
3 74 1
3 75 3
3 76 11
3 78 12
3 81 1
3 82 5
3 84 4
3 85 1
3 86 9
3 87 5
3 88 6
3 89 7
3 90 1
3 91 1
3 93 2
3 94 13
3 95 6
3 97 9
3 98 3
3 99 8
3 100 6
3 103 19
3 104 1
3 105 10
3 107 8
3 108 16
3 109 5
3 110 2
3 111 2
3 113 34
4 6 3
4 7 8
4 8 88
4 9 56
4 10 3
4 11 23
4 12 19
4 13 10
4 14 4
4 15 1
4 16 8
4 17 2
4 18 2
4 19 3
4 20 2
4 21 9
4 22 3
4 23 1
4 24 31
4 25 10
4 26 1
4 27 5
4 28 3
4 29 3
4 30 10
4 31 6
4 32 3
4 33 3
4 34 5
4 35 14
4 36 2
4 37 7
4 38 2
4 39 6
4 40 3
4 41 4
4 42 2
4 43 1
4 44 2
4 45 8
4 46 5
4 47 159
4 48 42
4 49 2
4 50 1
4 51 1
4 52 1
4 53 1
4 54 6
4 56 1
4 57 1
4 62 50
4 63 2
4 65 9
4 66 120
4 67 2
4 69 3
4 71 1
4 72 2
4 73 1
4 75 7
4 76 1
4 81 2
4 82 58
4 86 1
4 90 3
4 91 2
4 92 1
4 93 1
4 97 1
4 98 2
4 99 1
4 104 1
4 105 1
4 106 1
4 107 1
5 10 4
5 16 1
5 19 1
5 23 78
5 28 52
5 39 1
5 40 1
5 42 1
5 48 1
5 54 61
5 55 1
5 56 1
5 71 2
5 72 70
5 73 1
5 78 1
5 113 4
6 7 1
6 8 2
6 10 12
6 11 2
6 12 31
6 13 2
6 14 10
6 15 15
6 16 24
6 17 9
6 20 2
6 22 5
6 23 1
6 24 15
6 25 2
6 29 1
6 30 12
6 31 49
6 33 3
6 34 1
6 35 29
6 37 2
6 40 2
6 45 2
6 46 57
6 47 1
6 49 19
6 53 2
6 54 13
6 56 1
6 57 6
6 58 5
6 63 19
6 64 5
6 65 6
6 68 1
6 69 6
6 70 9
6 71 76
6 73 7
6 74 47
6 75 1
6 76 13
6 77 3
6 78 3
6 81 1
6 82 1
6 83 4
6 85 7
6 86 7
6 87 1
6 88 10
6 89 5
6 90 6
6 91 1
6 93 12
6 96 2
6 100 3
6 101 3
6 102 3
6 106 39
6 107 4
6 113 5
7 8 2
7 12 1
7 13 1
7 18 1
7 19 2
7 30 1
7 33 1
7 34 1
7 38 1
7 39 1
7 40 2
7 41 1
7 42 3
7 43 1
7 45 1
7 53 2
7 54 1
7 55 6
7 56 1
7 57 1
7 58 2
7 63 2
7 66 2
7 70 1
7 75 1
7 77 1
7 85 16
7 89 1
7 90 2
7 98 1
7 113 3
8 9 26
8 10 1
8 12 25
8 13 13
8 14 3
8 17 4
8 18 2
8 19 7
8 21 1
8 22 3
8 24 2
8 25 6
8 26 1
8 27 1
8 31 4
8 32 1
8 35 2
8 37 16
8 39 1
8 41 3
8 43 2
8 44 1
8 45 50
8 46 18
8 47 29
8 48 32
8 49 1
8 52 1
8 54 2
8 55 1
8 57 18
8 60 3
8 62 17
8 63 4
8 64 5
8 65 16
8 66 40
8 69 236
8 70 1
8 71 3
8 72 2
8 74 1
8 78 24
8 82 5
8 86 1
8 88 2
8 89 1
8 91 1
8 101 1
8 102 1
8 113 1
9 12 2
9 13 1
9 14 1
9 18 3
9 19 2
9 20 1
9 26 5
9 28 1
9 30 1
9 35 1
9 46 1
9 47 89
9 48 9
9 62 37
9 65 18
9 70 1
9 76 2
9 78 9
9 81 1
9 82 4
9 83 2
9 84 4
9 86 1
9 90 2
9 101 2
9 113 2
10 11 1
10 12 3
10 14 72
10 16 102
10 17 291
10 18 2
10 19 15
10 20 1
10 22 8
10 24 1
10 26 1
10 27 1
10 28 11
10 30 5
10 31 1
10 34 1
10 35 17
10 38 6
10 40 5
10 41 3
10 42 1
10 43 1
10 44 1
10 45 1
10 46 10
10 47 1
10 49 3
10 53 2
10 55 2
10 58 9
10 59 1
10 63 5
10 64 2
10 65 5
10 69 1
10 72 1
10 73 51
10 74 15
10 75 2
10 76 6
10 78 1
10 83 3
10 84 2
10 85 2
10 86 2
10 89 2
10 91 2
10 92 1
10 93 12
10 95 1
10 96 2
10 97 2
10 99 14
10 101 2
10 113 8
11 12 1
11 14 2
11 16 26
11 18 2
11 22 5
11 24 3
11 28 1
11 30 1
11 39 5
11 50 1
11 52 4
11 57 3
11 72 1
11 76 10
11 84 1
11 93 39
11 101 1
11 102 43
11 105 3
11 110 2
11 112 2
12 13 39
12 14 2
12 15 3
12 16 4
12 17 3
12 19 5
12 20 1
12 23 2
12 24 9
12 25 4
12 26 43
12 27 5
12 28 2
12 30 3
12 31 14
12 32 1
12 33 1
12 34 18
12 35 25
12 36 1
12 37 12
12 38 3
12 39 1
12 42 2
12 43 3
12 44 5
12 45 15
12 46 24
12 47 2
12 48 4
12 49 1
12 52 1
12 53 1
12 54 7
12 57 7
12 58 4
12 60 1
12 61 1
12 63 19
12 64 10
12 65 33
12 66 23
12 67 5
12 68 10
12 69 59
12 70 4
12 71 2
12 72 36
12 74 44
12 75 2
12 76 5
12 77 8
12 78 142
12 81 8
12 82 1
12 83 4
12 85 15
12 87 4
12 88 14
12 89 3
12 90 3
12 92 1
12 93 31
12 95 11
12 96 3
12 100 4
12 102 7
12 106 59
12 107 2
12 109 4
12 112 24
12 113 18
13 15 1
13 17 5
13 19 19
13 25 2
13 27 2
13 31 4
13 42 1
13 43 14
13 44 11
13 45 12
13 46 4
13 47 1
13 48 1
13 57 2
13 58 2
13 63 10
13 65 1
13 66 8
13 67 1
13 68 2
13 69 35
13 71 1
13 74 2
13 75 15
13 76 6
13 78 24
13 83 21
13 85 1
13 88 11
13 89 1
13 90 2
13 93 2
13 99 1
13 101 3
13 106 1
13 107 1
13 110 1
13 113 1
14 16 14
14 17 14
14 18 2
14 19 1
14 23 2
14 25 1
14 26 1
14 27 2
14 30 1
14 31 3
14 34 21
14 35 216
14 37 2
14 38 1
14 39 1
14 40 5
14 41 1
14 43 1
14 45 1
14 47 16
14 48 1
14 49 1
14 50 1
14 52 1
14 53 1
14 57 3
14 58 1
14 62 1
14 63 338
14 64 56
14 65 1
14 69 1
14 72 2
14 74 4
14 76 2
14 78 4
14 80 1
14 83 1
14 84 2
14 85 2
14 88 7
14 89 2
14 90 1
14 91 2
14 92 1
14 93 7
14 99 3
14 101 1
14 102 3
14 105 1
14 113 13
15 17 11
15 19 1
15 23 2
15 24 3
15 25 7
15 28 1
15 29 1
15 30 2
15 31 43
15 34 1
15 35 3
15 36 1
15 40 1
15 44 1
15 46 1
15 47 1
15 49 1
15 54 1
15 56 1
15 57 1
15 59 1
15 60 2
15 63 27
15 64 1
15 65 3
15 68 1
15 70 1
15 72 4
15 74 27
15 76 3
15 77 1
15 78 1
15 83 2
15 86 1
15 88 26
15 91 1
15 98 1
15 99 1
15 108 76
16 17 49
16 19 2
16 24 5
16 27 2
16 28 2
16 31 9
16 34 1
16 35 21
16 40 1
16 43 2
16 45 1
16 47 1
16 49 2
16 51 1
16 52 4
16 53 1
16 57 2
16 58 2
16 61 6
16 63 19
16 64 1
16 65 2
16 71 1
16 73 6
16 74 6
16 76 5
16 80 1
16 83 2
16 88 3
16 90 1
16 93 27
16 96 1
16 102 25
16 104 1
16 113 2
17 19 2
17 22 11
17 23 1
17 24 3
17 25 2
17 28 16
17 29 3
17 31 18
17 35 7
17 36 1
17 37 5
17 38 3
17 39 1
17 41 2
17 42 1
17 46 20
17 47 1
17 48 1
17 49 12
17 52 1
17 53 2
17 54 2
17 56 2
17 58 1
17 61 2
17 63 27
17 65 1
17 67 1
17 69 6
17 72 11
17 73 50
17 74 4
17 75 1
17 76 7
17 77 2
17 81 3
17 85 1
17 86 1
17 88 7
17 90 1
17 91 2
17 99 2
17 103 1
17 106 2
17 107 2
17 108 5
17 110 2
17 113 1
18 19 14
18 33 1
18 34 1
18 37 1
18 39 1
18 41 1
18 47 63
18 53 2
18 54 1
18 60 1
18 65 60
18 69 1
18 80 1
18 84 1
18 87 1
18 113 3
19 20 1
19 21 1
19 22 3
19 23 2
19 25 2
19 27 1
19 31 3
19 34 1
19 35 9
19 37 1
19 38 1
19 39 4
19 41 5
19 42 2
19 43 5
19 44 22
19 45 4
19 46 5
19 47 2
19 48 1
19 49 32
19 50 1
19 53 2
19 54 4
19 56 1
19 57 2
19 58 2
19 63 5
19 64 2
19 65 10
19 66 1
19 67 1
19 69 27
19 70 1
19 72 1
19 73 159
19 75 11
19 76 1
19 77 1
19 78 10
19 83 3
19 84 1
19 85 1
19 86 14
19 89 10
19 90 2
19 91 2
19 93 4
19 95 1
19 99 46
19 100 2
19 101 3
19 102 4
19 106 44
19 107 1
19 109 2
19 113 1
20 31 2
20 33 1
20 38 1
20 46 27
20 55 1
20 71 9
20 72 1
20 87 27
20 93 2
20 96 2
20 101 1
20 106 7
20 107 1
21 25 1
21 27 1
21 30 1
21 32 2
21 39 2
21 41 7
21 44 1
21 45 2
21 54 1
21 56 2
21 58 5
21 59 2
21 64 1
21 69 1
21 72 1
21 73 2
21 76 1
21 78 1
21 84 1
21 86 1
21 87 3
21 88 3
21 96 1
22 24 3
22 25 2
22 31 4
22 32 1
22 34 1
22 37 2
22 38 1
22 39 3
22 41 3
22 42 6
22 50 1
22 52 3
22 63 9
22 64 1
22 70 9
22 71 1
22 72 1
22 74 19
22 77 2
22 81 2
22 83 3
22 84 1
22 86 1
22 89 1
22 90 1
22 99 1
22 105 8
22 107 3
22 110 7
23 25 1
23 28 67
23 30 1
23 31 7
23 35 1
23 38 1
23 39 1
23 41 2
23 45 4
23 48 2
23 50 1
23 53 3
23 54 120
23 57 22
23 64 1
23 65 2
23 66 1
23 70 1
23 71 10
23 72 253
23 74 3
23 78 1
23 87 1
23 91 2
23 102 1
23 105 1
23 108 1
23 113 1
24 25 1
24 27 1
24 30 2
24 31 15
24 35 34
24 37 1
24 39 4
24 40 1
24 46 2
24 48 2
24 49 1
24 50 11
24 51 3
24 52 54
24 53 2
24 55 1
24 56 1
24 57 22
24 58 1
24 60 1
24 63 37
24 65 3
24 69 1
24 70 2
24 72 2
24 73 1
24 74 11
24 77 3
24 78 1
24 80 3
24 83 1
24 86 2
24 87 4
24 89 1
24 90 36
24 91 188
24 95 7
24 96 16
24 97 1
24 100 1
24 105 2
24 110 3
25 27 187
25 28 1
25 29 1
25 31 2
25 32 1
25 34 2
25 35 1
25 37 2
25 38 30
25 39 2
25 41 1
25 43 1
25 44 7
25 45 5
25 46 2
25 49 1
25 52 1
25 53 3
25 54 2
25 56 1
25 57 3
25 58 1
25 63 7
25 64 1
25 65 14
25 66 1
25 68 1
25 69 9
25 70 1
25 73 3
25 74 4
25 78 9
25 83 1
25 84 4
25 85 13
25 86 1
25 87 1
25 89 1
25 90 5
25 92 50
25 93 2
25 95 5
25 96 1
25 97 12
25 98 1
25 99 1
25 101 1
25 103 7
25 105 13
25 109 1
25 110 1
26 32 1
26 36 1
26 44 1
26 47 1
26 49 1
26 60 1
26 66 2
26 72 1
26 73 1
26 76 1
26 78 33
26 90 1
27 28 3
27 29 1
27 32 4
27 34 2
27 36 1
27 37 1
27 38 4
27 39 2
27 43 3
27 44 2
27 48 3
27 54 2
27 55 1
27 56 1
27 57 10
27 63 1
27 65 2
27 69 1
27 71 1
27 72 1
27 75 2
27 81 10
27 84 4
27 85 7
27 87 1
27 90 1
27 92 2
27 93 1
27 95 1
27 96 6
27 97 1
27 100 1
27 105 2
28 29 2
28 30 1
28 37 4
28 38 1
28 40 2
28 48 1
28 52 1
28 53 2
28 54 19
28 57 1
28 63 2
28 64 1
28 72 133
28 73 4
28 78 1
28 96 1
29 34 2
29 39 3
29 45 1
29 48 1
29 52 7
29 58 1
29 64 1
29 65 1
29 72 1
29 76 1
29 78 1
29 88 1
29 90 4
29 91 2
29 97 1
30 31 36
30 32 1
30 36 1
30 37 1
30 41 1
30 42 1
30 43 1
30 45 2
30 46 6
30 48 2
30 49 2
30 52 1
30 53 1
30 55 1
30 59 1
30 63 10
30 65 2
30 69 2
30 70 1
30 71 1
30 73 1
30 75 1
30 78 4
30 83 1
30 84 7
30 86 112
30 87 12
30 94 5
30 104 1
30 107 14
30 113 4
31 32 1
31 34 47
31 35 29
31 37 2
31 41 4
31 44 1
31 45 2
31 46 11
31 47 3
31 48 12
31 49 5
31 50 1
31 52 1
31 53 5
31 54 2
31 56 1
31 57 1
31 58 1
31 60 1
31 63 78
31 64 12
31 65 59
31 66 3
31 67 3
31 69 13
31 71 15
31 72 26
31 73 1
31 74 10
31 76 13
31 77 1
31 78 2
31 79 1
31 81 1
31 83 2
31 84 2
31 85 1
31 87 2
31 88 9
31 90 3
31 91 1
31 94 1
31 97 1
31 99 1
31 100 1
31 101 2
31 102 1
31 107 3
31 108 1
31 112 2
32 36 1
32 39 1
32 54 47
32 58 1
32 60 2
32 65 1
32 70 1
32 71 1
32 90 1
32 96 1
32 103 3
33 41 1
33 45 2
33 46 2
33 53 1
33 63 1
33 64 1
33 65 1
33 73 3
33 84 1
34 37 1
34 38 1
34 39 1
34 41 1
34 45 2
34 49 1
34 51 1
34 52 2
34 54 1
34 56 2
34 58 2
34 61 11
34 65 1
34 69 2
34 70 2
34 72 2
34 74 1
34 78 4
34 81 1
34 86 2
34 90 5
34 91 1
34 92 1
34 95 1
34 97 1
34 99 2
34 105 7
34 110 3
35 39 2
35 40 9
35 41 2
35 42 1
35 45 2
35 47 1
35 48 7
35 49 6
35 50 1
35 51 3
35 57 1
35 58 1
35 59 1
35 63 92
35 64 53
35 65 7
35 67 1
35 72 1
35 73 2
35 74 1
35 76 1
35 77 2
35 78 3
35 79 1
35 83 1
35 85 1
35 87 4
35 88 6
35 90 4
35 91 1
35 93 1
35 101 2
35 102 1
35 104 3
35 105 1
35 107 4
35 108 16
35 112 1
35 113 5
36 37 1
36 38 4
36 40 2
36 41 4
36 43 1
36 51 1
36 53 1
36 54 1
36 55 2
36 57 3
36 59 3
36 60 1
36 63 1
36 64 2
36 65 2
36 72 1
36 73 1
36 78 3
36 81 1
36 88 5
36 92 1
36 113 2
37 39 2
37 40 1
37 41 49
37 44 2
37 45 5
37 53 2
37 55 2
37 56 2
37 57 1
37 61 3
37 63 19
37 65 1
37 67 7
37 68 3
37 69 51
37 71 4
37 72 6
37 74 6
37 79 1
37 81 16
37 83 1
37 84 2
37 85 1
37 86 4
37 87 23
37 90 2
37 91 1
37 98 1
37 100 22
37 101 1
37 104 17
37 105 1
37 106 1
37 108 3
38 39 4
38 45 2
38 48 1
38 53 1
38 54 9
38 55 1
38 63 1
38 65 51
38 71 11
38 72 4
38 74 1
38 75 1
38 77 2
38 83 1
38 84 3
38 86 1
38 87 2
38 89 1
38 93 1
38 112 1
38 113 4
39 40 19
39 42 1
39 43 1
39 45 2
39 46 1
39 48 2
39 50 1
39 52 4
39 53 5
39 54 1
39 56 1
39 59 1
39 60 1
39 65 6
39 70 1
39 75 3
39 77 2
39 78 3
39 79 2
39 84 1
39 86 3
39 88 1
39 90 1
39 91 1
39 93 1
39 95 4
39 100 2
39 105 3
39 108 1
39 110 4
39 113 2
40 53 157
40 55 169
40 56 117
40 57 1
40 59 1
40 71 8
40 72 1
40 75 1
40 83 5
40 87 2
40 88 6
40 92 2
40 96 1
40 102 1
41 42 1
41 43 2
41 44 1
41 45 4
41 46 1
41 49 1
41 53 2
41 59 24
41 67 4
41 69 9
41 72 1
41 74 1
41 81 9
41 83 1
41 87 1
41 90 1
41 99 2
41 101 1
41 102 1
42 43 2
42 45 1
42 49 19
42 50 1
42 51 1
42 53 2
42 54 19
42 58 4
42 59 2
42 64 1
42 65 3
42 67 5
42 69 2
42 70 32
42 72 2
42 76 1
42 79 1
42 80 2
42 85 2
42 90 35
42 95 1
42 97 1
42 99 26
42 100 3
42 101 2
42 102 1
42 106 5
42 107 3
42 113 4
43 44 59
43 45 84
43 46 1
43 48 2
43 56 1
43 63 2
43 64 1
43 65 5
43 66 1
43 69 19
43 71 1
43 72 2
43 75 33
43 78 1
43 83 16
43 84 1
43 85 1
43 88 1
43 89 1
43 93 2
43 95 2
43 96 1
43 97 2
43 105 1
44 45 42
44 46 4
44 47 1
44 49 1
44 54 5
44 58 2
44 60 1
44 64 1
44 65 2
44 69 61
44 71 1
44 72 1
44 74 1
44 75 206
44 78 2
44 80 2
44 88 3
44 89 1
44 90 2
44 92 2
44 93 1
44 94 1
44 99 1
44 101 105
44 110 1
45 46 8
45 48 1
45 49 1
45 52 2
45 53 3
45 56 1
45 57 2
45 58 1
45 62 1
45 63 1
45 65 4
45 69 111
45 71 1
45 72 1
45 75 87
45 77 1
45 78 8
45 83 22
45 85 1
45 89 1
45 90 1
45 91 1
45 93 3
45 96 1
45 97 1
45 99 3
45 101 4
46 48 24
46 49 1
46 50 3
46 53 3
46 54 2
46 55 1
46 56 1
46 57 1
46 63 2
46 64 1
46 65 9
46 67 29
46 69 10
46 70 7
46 71 17
46 72 1
46 73 3
46 74 21
46 75 3
46 77 2
46 78 10
46 79 3
46 84 17
46 86 6
46 87 107
46 88 6
46 89 1
46 90 2
46 92 2
46 96 1
46 100 1
46 101 5
46 102 8
46 106 67
46 107 11
46 109 1
46 112 2
47 48 9
47 62 26
47 63 5
47 64 1
47 65 50
47 66 39
47 77 1
47 78 1
47 82 4
47 90 1
47 113 3
48 55 3
48 56 1
48 57 8
48 62 1
48 64 1
48 65 2
48 66 79
48 67 2
48 68 1
48 71 2
48 74 2
48 76 1
48 83 1
48 85 2
48 86 2
48 89 13
48 92 1
48 98 65
48 100 1
48 101 2
48 103 1
48 104 1
48 108 1
48 113 3
49 53 1
49 60 1
49 63 38
49 64 4
49 65 3
49 68 2
49 69 2
49 70 1
49 72 1
49 73 5
49 74 6
49 76 23
49 77 1
49 84 1
49 85 17
49 86 2
49 87 2
49 99 4
49 101 1
49 105 1
49 106 1
49 108 1
50 51 1
50 52 103
50 63 2
50 64 2
50 74 4
50 77 1
50 90 1
50 91 1
50 95 3
50 106 1
50 110 1
51 52 14
51 57 7
51 58 2
51 78 1
51 95 1
52 57 5
52 65 1
52 72 11
52 74 4
52 77 2
52 78 1
52 80 16
52 83 2
52 86 3
52 90 23
52 91 11
52 93 1
52 95 18
52 96 1
52 97 6
52 101 1
52 105 1
52 110 5
53 54 3
53 55 353
53 56 121
53 58 4
53 59 1
53 63 1
53 64 2
53 65 3
53 66 1
53 69 1
53 71 2
53 72 2
53 74 4
53 75 2
53 76 1
53 83 1
53 87 5
53 91 1
53 92 2
53 93 4
53 97 3
53 99 1
53 101 2
53 102 3
53 104 1
53 105 1
53 106 3
53 110 1
54 55 1
54 57 5
54 63 6
54 64 10
54 65 28
54 66 3
54 68 1
54 69 1
54 70 1
54 71 6
54 72 248
54 74 1
54 75 3
54 77 1
54 79 1
54 84 1
54 87 4
54 90 1
54 92 1
54 93 2
54 96 2
54 99 1
54 101 20
55 56 116
55 59 1
55 60 1
55 63 8
55 65 4
55 67 1
55 70 2
55 71 1
55 72 1
55 74 3
55 75 3
55 76 2
55 77 1
55 78 2
55 83 4
55 87 1
55 92 2
55 101 1
55 113 2
56 57 1
56 63 1
56 64 1
56 66 1
56 74 1
56 77 1
56 79 1
56 85 1
56 87 1
56 91 1
56 93 2
56 105 1
56 113 13
57 58 2
57 62 1
57 63 1
57 64 1
57 65 7
57 67 1
57 70 5
57 71 42
57 72 1
57 74 1
57 75 1
57 78 1
57 79 1
57 80 2
57 85 1
57 87 18
57 88 1
57 90 30
57 92 1
57 93 5
57 96 13
57 100 1
57 101 14
57 106 2
58 60 1
58 63 9
58 64 2
58 65 2
58 66 1
58 70 18
58 72 1
58 73 1
58 74 13
58 78 1
58 81 2
58 88 1
58 89 5
58 90 6
58 92 1
58 93 9
58 94 3
58 95 2
58 101 1
58 106 4
59 63 1
59 65 3
59 72 1
59 79 1
59 108 1
60 65 4
60 69 1
60 76 1
60 78 1
60 91 2
60 94 1
61 67 1
61 68 4
61 81 10
61 90 2
61 91 2
62 66 31
62 69 4
62 78 1
62 83 29
62 87 1
62 92 1
62 102 1
63 64 47
63 65 5
63 69 3
63 70 1
63 72 6
63 73 40
63 74 6
63 76 24
63 77 14
63 79 1
63 83 2
63 85 41
63 86 1
63 87 1
63 88 9
63 89 1
63 90 1
63 91 3
63 92 2
63 93 1
63 95 6
63 99 2
63 100 1
63 102 1
63 104 1
63 105 2
63 106 5
63 107 1
63 110 1
63 113 4
64 65 5
64 72 3
64 74 30
64 78 2
64 85 1
64 87 1
64 88 2
64 89 1
64 93 5
64 108 1
64 113 9
65 66 5
65 69 2
65 71 25
65 72 5
65 73 3
65 74 15
65 75 4
65 76 1
65 77 2
65 78 3
65 79 2
65 80 1
65 83 41
65 84 9
65 85 6
65 87 2
65 89 18
65 90 1
65 91 4
65 93 2
65 95 1
65 96 2
65 97 1
65 98 1
65 99 1
65 100 1
65 101 1
65 102 1
65 106 5
65 107 17
65 112 7
65 113 17
66 69 15
66 77 2
66 78 4
66 82 58
66 83 6
66 88 2
66 90 1
66 91 1
66 93 15
66 95 1
66 98 1
66 110 1
67 70 4
67 71 2
67 77 1
67 87 12
67 89 4
67 90 9
67 94 1
67 95 2
67 100 8
67 101 2
67 107 2
68 71 20
68 72 1
68 76 1
68 90 2
68 108 4
69 72 2
69 73 1
69 75 8
69 78 17
69 81 1
69 82 1
69 83 5
69 84 15
69 85 1
69 86 1
69 88 11
69 89 3
69 90 2
69 92 1
69 93 1
69 95 1
69 96 2
69 97 1
69 99 3
69 100 3
69 101 4
69 106 1
69 107 1
69 109 1
69 110 1
70 72 2
70 74 2
70 90 59
70 91 4
70 92 4
70 93 2
70 94 3
70 100 3
70 113 3
71 72 76
71 75 1
71 79 9
71 80 3
71 83 14
71 84 8
71 85 1
71 86 2
71 89 7
71 95 1
71 100 4
71 101 1
71 113 2
72 73 3
72 74 2
72 75 1
72 78 1
72 79 1
72 85 1
72 86 1
72 88 1
72 95 7
72 101 1
72 105 1
72 106 17
72 108 1
73 76 2
73 77 1
73 84 14
73 85 1
73 86 38
73 90 16
73 92 2
73 101 1
73 103 1
74 76 20
74 77 3
74 78 6
74 80 2
74 83 2
74 84 3
74 86 5
74 88 5
74 90 4
74 91 4
74 95 3
74 96 12
74 100 19
74 101 1
74 105 9
74 107 3
74 109 2
74 110 4
75 84 5
75 88 1
75 98 1
75 100 1
75 101 1
75 106 3
76 78 8
76 83 3
76 90 26
76 93 1
76 96 1
76 97 1
76 101 5
76 107 4
77 78 13
77 79 1
77 85 2
77 86 3
77 90 9
77 91 1
77 93 1
77 96 1
77 105 2
77 106 1
77 110 1
77 112 1
78 81 11
78 82 3
78 86 1
78 89 51
78 113 6
79 83 1
79 85 1
79 98 2
79 102 2
79 113 2
80 90 1
80 95 5
80 105 3
80 107 1
83 86 2
83 87 1
83 88 42
83 90 12
83 101 31
84 85 1
84 86 83
84 87 1
84 92 17
84 96 1
84 97 5
84 106 3
84 113 3
85 86 1
85 87 3
85 92 1
85 100 2
85 101 1
85 102 4
85 103 1
85 108 1
85 113 1
86 87 5
86 89 1
86 95 1
86 99 1
86 101 2
86 106 2
86 109 1
86 112 1
86 113 9
87 88 1
87 89 1
87 90 1
87 91 1
87 93 1
87 94 1
87 96 2
87 101 1
87 102 2
87 103 2
87 104 1
87 106 50
87 107 11
87 110 20
87 113 4
88 101 8
89 91 1
89 94 3
89 97 1
89 100 1
89 106 7
89 113 1
90 91 270
90 92 1
90 93 20
90 95 1
90 96 2
90 97 3
90 99 7
90 101 1
90 104 10
90 105 1
90 113 3
91 92 1
91 95 1
91 96 2
91 97 2
91 99 1
91 103 1
91 104 2
91 105 1
92 97 1
92 106 4
93 95 1
93 102 90
93 108 1
93 109 1
94 96 3
95 96 6
95 97 11
95 100 1
95 105 2
96 97 79
96 101 1
96 108 1
97 99 1
97 101 2
97 105 1
98 102 1
98 113 1
99 101 5
100 106 2
100 112 1
102 109 1
102 112 35
102 113 3
103 107 2
103 108 3
104 110 1
105 108 122
105 110 1281
106 107 2
107 113 3
108 110 39
108 113 2
112 113 3
