%%MatrixMarket matrix coordinate integer general
100 100 376
2 1 9
3 2 7
4 1 8
4 2 7
4 3 10
5 1 9
5 2 6
7 1 6
7 2 6
8 2 7
8 4 10
8 5 10
9 6 6
9 7 8
9 8 7
10 4 7
10 6 10
10 7 9
10 8 10
11 3 6
11 5 9
11 8 8
11 9 5
11 10 9
12 1 8
12 4 5
12 5 8
12 8 10
12 9 10
12 10 10
13 3 3
13 6 4
13 7 5
14 11 5
16 3 4
16 10 3
17 8 3
17 13 5
17 14 9
17 15 10
17 16 10
18 13 6
18 14 6
18 16 10
19 13 9
19 14 5
19 16 8
19 17 7
19 18 9
20 1 2
20 10 4
20 13 7
20 15 9
21 5 3
21 13 10
21 14 5
21 16 10
21 17 9
21 18 10
21 20 9
22 4 2
22 13 6
22 14 9
22 15 10
22 16 7
22 17 5
22 21 6
23 2 4
23 8 5
23 13 9
23 14 9
23 16 10
23 17 8
23 18 9
24 3 2
24 12 4
24 14 6
24 15 5
24 18 6
24 19 7
24 20 10
25 3 4
25 4 4
25 6 5
25 14 6
25 15 8
25 17 7
25 20 5
25 23 8
28 27 9
29 26 5
30 26 7
30 29 7
31 28 6
31 30 10
32 27 10
32 28 6
32 31 6
33 26 6
33 28 9
33 30 7
34 16 1
34 27 8
34 31 5
34 32 8
35 8 2
35 27 7
35 29 9
35 33 6
35 34 6
36 26 8
36 28 7
36 32 7
36 34 9
36 35 5
37 26 6
37 27 9
37 29 10
37 30 9
37 31 8
37 36 6
39 32 2
40 36 5
40 38 10
41 39 8
41 40 6
42 22 3
42 39 8
42 40 6
43 31 3
43 40 8
43 42 8
44 18 1
44 29 2
44 36 2
44 38 6
44 40 8
44 43 9
45 37 3
45 40 6
45 42 9
45 43 9
46 20 3
46 37 4
46 38 10
46 39 7
46 41 5
46 42 10
46 43 10
46 44 6
46 45 6
47 32 2
47 33 3
47 34 5
47 40 7
47 41 6
47 42 10
47 43 10
47 44 6
48 31 2
48 38 7
48 39 8
48 41 5
48 43 8
48 44 5
48 45 5
48 46 8
49 39 5
49 41 10
49 44 6
49 46 9
49 47 6
50 27 3
50 31 3
50 40 9
50 41 9
50 42 9
50 45 6
50 46 6
50 48 10
51 12 3
53 42 2
54 51 5
55 46 3
55 51 7
55 52 10
55 53 10
56 38 3
56 50 2
56 51 5
56 53 7
56 54 8
56 55 5
57 53 8
57 55 10
57 56 9
58 23 1
58 52 7
59 54 10
60 51 8
60 52 8
60 53 5
60 54 9
60 57 10
61 51 6
61 53 5
61 54 5
61 56 10
61 57 7
61 58 7
61 59 8
62 53 6
62 54 7
62 55 10
62 60 7
62 61 10
63 50 1
65 54 3
65 63 10
66 15 3
66 27 2
66 56 3
66 65 5
67 63 5
67 66 7
68 62 4
68 64 7
68 65 7
68 66 5
68 67 10
69 64 10
69 65 10
69 66 8
69 67 10
70 54 2
70 65 8
70 67 6
71 42 2
71 55 3
71 63 7
71 64 7
71 65 10
71 66 6
71 70 8
72 51 3
72 64 10
72 66 10
72 69 9
72 70 10
73 54 5
73 59 4
73 63 6
73 64 9
73 65 7
73 67 9
73 71 9
74 58 4
74 63 9
74 64 6
74 65 10
74 70 8
75 19 1
75 56 2
75 63 6
75 65 8
75 67 6
75 68 10
75 73 8
75 74 6
77 46 2
77 76 10
78 76 9
78 77 5
79 76 8
79 77 10
80 76 7
80 77 8
81 77 8
81 78 8
81 80 6
82 76 5
82 77 10
82 78 5
82 80 10
83 77 9
83 78 7
83 81 10
84 9 1
84 15 3
84 76 6
84 77 8
84 78 10
85 36 3
85 42 2
85 76 10
85 77 9
85 79 10
85 83 6
86 5 1
86 22 3
86 79 7
86 80 6
86 81 10
86 83 6
86 84 7
86 85 6
87 77 9
87 78 10
87 79 5
87 85 8
88 78 4
89 10 3
89 24 2
89 61 1
89 79 5
89 83 3
89 84 5
89 87 2
90 15 1
90 69 2
90 78 3
90 86 2
90 88 9
90 89 5
91 15 2
91 78 3
91 79 2
91 90 6
92 30 1
92 51 3
92 62 3
92 89 6
92 90 10
93 14 2
93 29 2
93 78 3
93 79 2
93 90 8
93 91 8
93 92 8
94 9 2
94 90 6
94 93 6
95 33 2
95 35 1
95 89 6
95 92 10
96 63 1
96 78 3
96 88 9
96 89 7
96 90 8
96 91 9
96 93 8
97 78 5
97 88 10
97 90 6
97 91 6
97 93 6
97 95 9
98 89 10
98 94 8
99 76 3
99 78 2
99 89 6
99 90 6
99 93 5
99 95 8
99 96 8
99 97 5
100 64 3
100 88 9
100 90 6
100 91 7
100 97 10
100 98 9
