%%MatrixMarket matrix coordinate integer general
100 100 540
2 1 6
4 1 3
5 1 6
5 2 5
6 2 3
6 5 7
7 1 4
7 5 5
8 7 3
9 3 6
9 6 4
9 8 5
10 3 4
10 4 5
10 8 5
10 9 4
11 1 5
11 4 6
11 5 4
12 2 6
12 5 7
12 7 4
12 8 5
12 9 4
12 11 3
13 1 5
13 2 8
13 7 8
13 9 4
13 10 3
14 3 7
14 4 7
14 6 7
14 7 8
14 8 8
14 12 3
15 1 5
15 7 4
15 11 7
15 12 4
15 13 8
15 14 7
16 1 3
16 4 8
16 6 8
16 8 5
16 11 7
16 12 8
17 3 6
17 11 3
18 3 5
18 4 8
18 5 3
18 8 6
18 16 8
19 9 3
19 10 4
19 16 3
19 17 4
20 5 5
20 7 3
20 13 3
20 15 3
20 16 3
20 17 6
20 18 8
21 6 3
21 16 1
21 18 4
21 20 4
22 21 4
24 10 1
24 23 7
25 4 5
25 15 3
25 22 4
25 23 5
26 10 2
26 23 7
27 21 8
27 22 6
27 26 6
28 20 5
28 22 5
28 23 5
28 24 6
28 27 7
29 6 2
29 21 8
29 28 8
30 26 8
31 2 4
31 15 5
31 28 3
31 30 5
32 7 4
32 25 3
32 27 3
32 28 5
32 30 3
33 6 1
33 11 2
33 19 3
33 24 3
33 32 5
34 10 3
34 23 7
34 26 8
34 28 8
34 30 7
34 32 7
35 1 1
35 11 1
35 22 8
35 25 8
35 30 6
35 33 3
35 34 6
36 24 6
36 26 7
36 29 8
36 34 8
36 35 3
37 10 1
37 14 5
37 15 5
37 21 7
37 22 3
37 23 8
37 26 6
37 28 5
37 29 8
37 30 5
37 33 6
37 34 4
37 36 7
38 32 6
38 35 3
38 37 7
39 3 2
39 10 1
39 23 8
39 24 5
39 28 5
39 30 4
39 32 8
39 33 3
39 35 4
40 11 5
40 23 3
40 25 7
40 28 5
40 33 3
40 38 8
41 2 5
42 10 8
42 41 7
43 19 2
43 28 1
44 14 4
44 43 4
45 12 3
45 32 2
45 39 1
46 22 5
46 34 4
46 36 5
46 40 3
46 44 4
48 43 4
48 45 6
48 46 6
48 47 3
49 23 5
49 43 5
49 46 5
49 47 6
50 4 1
50 23 5
50 33 3
50 41 8
50 42 3
50 43 4
50 46 7
50 47 8
50 49 5
51 48 4
52 3 1
52 26 1
52 43 7
52 45 6
52 46 3
52 49 5
53 39 2
53 42 6
53 47 8
53 48 6
53 50 8
54 43 5
54 48 4
54 51 4
55 27 4
55 31 5
55 41 6
55 42 7
55 47 8
55 48 8
56 7 1
56 49 7
56 54 5
56 55 4
57 35 4
57 41 4
57 48 6
57 49 7
57 50 3
57 53 5
58 6 5
58 16 2
58 24 4
58 29 3
58 37 8
58 44 7
58 48 5
58 51 6
58 52 6
58 56 4
59 13 1
59 43 7
59 46 4
59 51 6
59 52 8
59 55 5
60 2 5
60 4 1
60 35 5
60 49 3
60 50 5
60 54 5
60 57 8
61 3 1
61 8 8
61 43 3
62 37 1
62 38 4
63 31 4
63 38 5
63 40 1
63 43 5
63 47 6
63 60 2
64 4 2
64 6 3
64 48 5
64 59 2
64 63 6
65 3 5
65 40 3
65 47 3
65 61 8
65 64 7
66 2 2
66 16 5
66 25 5
66 27 2
66 61 5
66 63 6
66 65 3
67 3 1
67 16 1
67 34 1
67 41 1
67 45 5
67 47 5
67 63 7
67 66 5
68 1 1
68 27 3
68 46 2
68 50 2
68 60 3
68 64 7
69 20 6
69 25 7
69 39 1
69 53 5
69 59 5
69 62 6
69 64 6
69 65 8
69 66 5
70 32 1
70 35 8
70 59 1
71 18 5
71 37 3
71 60 1
71 62 3
71 63 4
71 67 8
71 68 8
71 69 7
72 23 5
72 35 5
72 61 5
72 62 7
72 67 4
72 70 5
72 71 7
73 3 1
73 5 3
73 37 4
73 49 3
73 64 7
73 66 4
74 23 4
74 46 5
74 63 4
74 64 4
74 65 4
74 67 7
74 68 7
74 69 4
74 73 4
75 9 1
75 30 4
75 36 1
75 57 3
75 61 5
75 62 6
75 66 3
75 68 4
76 5 5
76 18 1
76 43 3
76 61 3
76 62 4
76 68 3
76 69 5
76 71 5
76 72 6
77 4 5
77 6 3
77 22 2
77 29 4
77 36 5
77 51 2
77 64 5
77 68 3
77 69 4
77 70 4
77 72 3
77 73 4
77 74 5
78 4 2
78 5 5
78 9 1
78 34 1
78 39 9
78 70 8
78 73 5
78 74 3
78 77 4
79 20 5
79 38 5
79 39 1
79 44 4
79 61 7
79 67 6
79 69 7
79 70 8
79 71 7
79 74 8
79 75 7
80 10 2
80 11 5
80 19 3
80 41 5
80 47 4
80 51 5
80 73 3
80 75 4
80 79 3
81 36 4
81 51 3
81 73 2
82 24 5
82 36 5
82 81 8
83 2 2
83 7 2
83 39 2
83 62 3
83 64 3
83 65 5
83 82 7
84 5 3
84 8 3
84 20 1
84 28 4
84 36 2
84 45 5
84 66 4
84 82 8
85 13 5
85 67 4
85 69 2
85 75 4
86 9 1
86 11 2
86 68 5
86 81 5
86 82 7
86 83 5
87 6 4
87 25 4
87 59 1
87 81 8
87 82 4
87 84 8
87 86 7
88 5 2
88 35 3
88 82 5
88 84 8
89 4 2
89 16 3
89 35 3
89 36 3
89 65 5
89 74 5
89 81 4
89 82 7
89 84 7
90 3 1
90 48 2
90 58 4
90 65 1
90 66 3
90 72 5
90 81 7
90 82 8
90 83 3
90 84 7
90 85 7
91 1 5
91 21 3
91 23 1
91 44 6
91 49 2
91 61 2
91 83 5
91 85 8
91 90 4
92 9 5
92 35 5
92 37 4
92 57 3
92 80 3
92 82 4
92 86 8
93 17 5
93 28 5
93 30 2
93 31 1
93 34 4
93 82 5
93 84 5
93 87 3
93 89 6
93 90 7
93 91 5
94 5 3
94 8 3
94 9 2
94 46 5
94 66 3
94 84 4
94 85 8
94 92 4
95 7 2
95 21 3
95 32 4
95 37 2
95 79 2
95 81 7
95 85 7
95 88 5
95 89 6
95 91 5
96 3 1
96 27 1
96 50 2
96 51 5
96 55 1
96 65 1
96 71 2
96 73 1
96 83 7
96 84 4
96 86 7
96 92 7
96 93 5
96 95 4
97 4 3
97 17 1
97 49 4
97 74 8
97 76 5
97 89 7
97 94 8
97 95 4
98 27 4
98 45 1
98 57 3
98 63 4
98 77 5
98 79 5
98 82 6
98 84 4
98 89 3
98 91 3
98 96 8
99 10 3
99 39 2
99 45 1
99 58 3
99 85 4
99 91 3
99 92 4
99 93 5
99 94 6
100 1 5
100 33 4
100 42 3
100 49 4
100 83 7
100 85 5
100 89 8
100 99 3
