%%MatrixMarket matrix coordinate integer general
150 150 575
2 1 7
4 2 9
5 1 7
5 4 6
7 5 9
8 3 9
8 4 5
9 1 8
9 2 7
9 3 6
9 6 5
10 5 5
10 6 6
10 8 7
11 5 8
11 7 6
11 8 7
11 9 7
12 2 8
12 3 9
12 7 6
12 8 7
12 11 9
13 1 9
13 2 9
13 3 9
13 6 6
13 11 7
14 4 6
14 5 9
14 8 7
14 13 4
15 1 9
15 2 4
15 3 9
15 13 7
16 5 4
16 7 8
16 10 4
16 15 9
17 5 4
17 6 4
17 7 7
17 9 9
17 15 6
17 16 7
18 4 5
18 10 6
18 13 6
18 14 9
18 15 8
19 6 5
19 7 6
19 13 7
19 17 8
20 1 6
20 3 8
20 5 8
20 6 5
20 12 9
20 15 7
20 19 6
21 1 7
21 3 8
21 7 5
21 10 9
21 12 5
21 14 8
21 15 5
22 10 8
22 11 8
22 14 5
22 16 4
22 17 7
22 19 8
23 1 5
23 3 5
23 6 5
23 7 4
23 13 9
23 14 5
23 17 7
23 19 5
23 21 6
23 22 9
24 6 7
24 15 9
24 16 6
24 21 5
24 22 5
24 23 9
25 2 4
25 3 9
25 6 5
25 8 6
25 10 4
29 28 4
30 27 5
30 28 4
31 26 7
31 27 6
31 28 9
32 27 8
32 30 6
32 31 6
33 27 8
33 28 4
33 31 5
34 26 5
34 27 9
35 22 2
35 26 4
35 30 6
36 26 6
36 27 5
36 31 4
36 32 5
36 33 5
37 26 8
37 35 6
37 36 5
38 29 7
38 30 7
38 36 8
40 29 4
40 37 8
41 26 4
41 28 8
41 29 9
41 34 5
42 31 8
42 37 5
42 41 4
43 26 7
43 28 6
43 30 7
43 31 5
43 39 7
43 41 8
44 27 8
44 28 9
44 30 8
44 31 8
44 35 5
44 37 5
44 40 4
44 42 6
44 43 5
45 1 3
45 8 2
45 28 5
45 29 8
45 33 6
45 36 7
45 37 6
45 39 7
46 28 6
46 32 9
46 37 6
46 38 7
46 42 6
47 32 9
47 38 8
47 46 5
48 26 5
48 31 8
48 33 4
48 36 7
48 39 9
48 43 5
48 46 5
49 21 3
49 26 4
49 30 9
49 32 5
49 35 5
49 36 6
49 39 8
49 41 4
49 42 7
49 43 7
49 46 8
50 32 5
50 34 6
50 35 4
50 36 8
50 38 6
50 40 6
50 41 5
50 43 8
50 48 6
50 49 5
52 51 9
55 54 5
56 37 3
57 52 8
57 54 8
58 54 5
59 51 5
59 55 9
60 55 8
60 56 9
61 51 7
61 52 8
61 60 9
62 54 4
62 57 9
62 61 7
63 55 8
63 57 4
63 61 6
64 42 1
64 54 6
64 56 9
65 60 8
66 48 2
66 56 9
67 52 9
67 53 8
67 54 8
67 55 5
67 58 7
67 60 7
67 62 8
67 63 5
67 64 4
67 65 9
68 37 1
68 63 7
68 66 8
69 51 8
69 52 7
69 54 7
69 57 4
69 63 7
69 68 9
70 51 4
70 53 7
70 58 8
70 60 8
70 63 4
70 65 9
71 52 4
71 54 9
71 56 7
71 59 4
71 63 7
71 64 9
71 66 5
72 61 6
72 62 9
72 66 6
72 67 5
73 52 4
73 53 8
73 54 7
73 58 9
73 65 5
73 66 4
73 67 5
73 70 4
74 51 7
74 53 5
74 55 4
74 60 5
74 61 6
74 63 8
74 64 5
74 65 6
74 66 7
74 67 6
74 69 5
74 70 4
75 54 6
75 62 8
75 64 6
75 65 8
75 66 6
75 72 9
79 77 5
80 5 2
80 77 7
81 76 9
81 79 9
81 80 8
82 79 8
84 78 5
84 79 4
84 82 4
85 80 7
85 82 5
85 83 9
86 83 6
87 76 5
87 83 4
87 86 5
88 80 4
88 81 4
88 82 7
88 84 5
88 85 6
88 86 4
88 87 8
89 65 1
89 79 4
89 80 6
89 86 7
89 87 6
89 88 5
90 77 6
90 80 8
90 81 6
91 56 3
91 78 9
91 80 6
91 81 9
91 88 9
92 77 5
92 78 4
92 80 6
92 84 7
92 85 9
92 88 7
92 90 9
92 91 5
93 79 7
93 86 9
93 87 9
93 89 8
94 77 6
94 79 4
94 86 8
94 91 6
95 79 8
95 80 7
95 84 7
95 87 7
95 88 8
95 89 8
96 62 3
96 80 9
96 89 5
96 91 6
96 95 5
97 78 7
97 79 6
97 81 8
97 84 8
97 85 5
97 86 4
97 87 9
97 89 5
97 93 6
97 96 7
98 62 3
98 76 7
98 86 5
98 92 9
98 93 9
98 95 6
98 97 9
99 79 7
99 86 7
99 89 7
99 90 7
99 94 5
100 78 5
100 81 5
100 82 5
100 87 4
100 88 7
100 90 8
100 91 7
100 92 7
100 95 5
101 86 3
103 101 8
104 80 1
104 102 8
104 103 7
106 103 7
107 103 8
107 104 7
108 101 6
108 103 9
109 97 3
109 103 5
109 105 8
109 107 5
110 107 9
111 103 5
111 106 4
111 107 4
112 98 1
112 103 4
112 107 4
112 110 8
113 101 4
113 103 9
113 107 8
113 109 8
113 110 6
114 102 8
114 105 4
114 107 8
114 108 5
114 109 9
114 112 8
114 113 9
115 104 8
115 105 9
115 107 5
115 110 4
115 111 4
116 101 7
116 105 7
116 111 7
116 113 4
117 101 9
117 103 4
117 108 4
117 111 5
117 113 5
117 116 6
118 101 7
118 103 4
118 105 5
118 106 8
118 107 6
118 114 5
118 115 4
119 104 9
119 105 8
119 107 7
119 108 9
119 112 9
120 112 4
120 113 9
120 116 4
120 117 9
120 119 6
121 102 6
121 107 9
121 108 9
121 113 9
121 114 4
121 116 8
121 119 5
122 101 4
122 104 8
122 105 8
122 107 6
122 111 6
122 115 6
122 116 5
122 119 4
122 120 7
123 103 6
123 105 7
123 108 5
123 109 5
123 111 4
123 114 5
123 116 5
123 120 5
124 105 9
124 107 4
124 108 8
124 111 6
124 112 5
124 116 8
124 117 6
124 122 4
125 101 6
125 102 6
125 103 7
125 104 7
125 107 4
125 108 4
125 114 8
125 119 8
125 120 8
125 124 6
126 113 2
127 126 7
128 109 1
129 127 9
130 55 2
130 126 8
131 127 8
131 128 6
131 129 9
131 130 6
132 126 7
132 128 7
134 120 2
134 127 8
134 128 6
134 131 4
134 133 8
135 128 9
135 130 6
135 133 9
136 126 7
136 131 5
137 126 9
137 127 6
137 131 6
138 126 9
138 129 5
138 133 4
138 134 7
139 12 3
139 128 6
139 132 4
139 134 9
139 137 6
139 138 9
140 127 7
141 13 3
141 126 6
141 127 4
141 135 7
141 138 5
142 128 6
142 130 6
142 131 9
142 136 7
143 128 5
143 133 4
143 140 7
143 141 4
144 132 6
144 137 9
145 19 2
145 127 8
145 135 6
145 136 9
145 137 8
145 138 5
146 110 2
146 126 4
146 137 7
146 139 6
146 142 6
146 144 5
146 145 5
147 127 8
147 128 5
147 129 8
147 135 8
147 144 5
147 145 6
148 16 2
148 129 9
148 135 9
148 136 8
148 147 7
149 126 7
149 127 4
149 129 8
149 130 6
149 134 9
149 141 4
149 143 5
149 145 5
149 147 8
150 133 8
150 134 5
150 135 8
150 136 9
150 143 5
150 145 4
150 147 5
150 148 7
