%%MatrixMarket matrix coordinate integer general
150 150 622
3 1 7
4 1 8
5 2 7
5 3 3
5 4 4
6 1 6
6 2 9
7 1 6
7 3 5
7 5 2
8 1 6
9 2 7
9 6 4
10 1 12
10 2 4
10 4 6
10 6 3
11 1 10
11 2 8
11 3 4
11 9 4
12 2 4
12 4 6
12 11 5
13 1 12
13 2 5
13 3 6
14 1 12
14 2 4
14 4 4
14 7 2
15 1 6
15 2 4
15 6 2
15 8 4
15 9 6
15 10 4
16 1 8
16 2 4
16 3 4
16 4 3
17 1 10
17 3 6
18 1 6
18 2 8
18 8 3
18 9 4
18 12 4
18 14 5
19 1 10
19 2 7
19 4 3
19 10 6
20 1 11
20 7 2
20 9 2
20 13 2
20 14 2
20 18 5
21 1 9
21 3 3
21 5 6
21 12 6
21 16 2
22 1 10
22 2 6
22 10 5
22 13 2
23 1 11
23 2 4
23 4 5
23 8 4
23 10 5
23 13 2
23 17 3
24 1 6
24 2 6
24 4 5
24 5 3
24 9 2
24 12 3
24 16 4
24 18 3
25 6 4
25 24 3
26 1 9
26 15 3
27 7 5
27 9 6
27 10 5
27 13 3
27 23 5
27 24 5
28 1 12
28 2 3
28 6 6
28 17 4
29 2 8
29 3 2
29 7 4
29 10 6
29 18 6
29 21 4
29 23 6
30 1 9
30 2 9
30 3 4
30 5 3
30 22 3
31 1 4
32 31 8
33 31 10
33 32 8
34 15 2
34 31 9
35 31 11
35 32 4
36 31 12
36 32 2
36 35 2
37 31 8
37 32 9
37 34 6
38 32 6
38 34 6
38 35 3
39 31 8
39 32 8
39 35 2
39 37 4
40 31 7
40 37 2
41 31 11
41 38 4
42 32 6
42 35 6
42 39 4
42 40 2
42 41 6
43 32 7
43 35 4
43 39 6
43 40 3
44 6 2
44 31 7
44 33 2
44 38 6
45 16 1
45 31 9
45 32 6
45 33 2
45 36 5
45 38 5
46 31 6
46 36 4
46 42 5
46 43 2
46 44 2
47 8 1
47 31 12
47 32 4
47 46 4
48 31 11
48 32 9
48 41 6
49 31 11
49 36 6
49 38 4
49 46 2
50 31 11
51 31 7
51 32 4
51 33 3
51 34 4
51 43 4
51 45 4
51 49 3
52 31 12
52 36 3
52 46 5
53 8 1
53 31 9
53 37 3
53 44 6
53 52 5
54 31 11
54 49 6
54 51 4
55 31 6
55 32 5
55 33 4
55 36 6
55 42 5
55 43 4
55 49 5
55 53 6
56 31 12
56 32 9
56 35 2
56 52 6
56 53 6
57 31 7
57 33 5
57 38 2
57 49 4
58 31 7
58 34 3
58 35 2
58 41 4
58 44 4
59 31 10
59 32 6
59 37 2
59 47 5
59 49 5
59 51 3
60 31 6
60 32 5
60 36 3
60 37 5
60 39 3
60 41 6
60 42 4
60 46 4
60 55 6
60 58 4
61 1 5
61 31 2
62 61 6
63 61 10
64 61 11
65 61 10
65 62 8
66 27 1
66 61 12
66 62 6
66 64 3
66 65 3
67 61 7
67 62 9
67 66 3
68 61 7
68 62 6
69 13 1
69 61 6
69 63 4
69 64 2
69 68 3
70 39 1
70 61 11
70 62 4
70 69 5
71 61 11
72 61 11
72 64 4
73 61 10
73 62 9
73 68 2
74 4 1
74 61 7
74 62 2
74 64 6
75 61 12
75 62 8
75 69 4
75 74 6
76 61 8
76 62 2
77 61 12
77 62 4
77 65 2
77 67 4
77 72 4
77 73 3
78 61 6
78 67 3
78 72 2
79 61 9
79 63 4
79 65 2
79 70 2
79 77 5
80 61 10
80 62 3
80 66 3
80 68 2
80 70 4
80 72 5
81 61 10
81 62 7
81 63 6
81 68 6
81 69 5
81 73 3
82 5 2
82 11 1
82 61 12
82 70 3
82 71 2
83 61 7
83 62 7
83 63 2
83 76 3
83 82 4
84 50 1
84 61 8
84 68 2
84 71 4
84 77 2
84 81 6
85 61 9
85 63 5
85 65 6
85 70 5
85 73 4
85 76 5
85 81 2
85 82 3
86 61 7
86 62 5
86 67 4
86 71 5
86 75 2
86 80 6
86 81 2
86 82 6
86 84 5
87 61 6
87 64 3
87 71 2
88 61 8
88 62 8
88 75 3
88 76 5
88 84 6
88 86 5
89 61 7
89 62 9
89 63 6
89 72 3
89 86 5
90 61 10
90 62 7
90 63 3
90 65 5
90 69 6
90 71 2
90 73 4
90 75 4
90 78 5
90 85 3
90 86 5
91 1 3
91 31 4
91 61 3
92 6 2
92 91 5
93 91 8
94 89 2
94 91 10
95 14 2
95 60 1
95 66 2
95 79 2
95 91 10
95 92 6
96 91 9
96 92 2
97 71 1
97 91 11
98 91 2
98 92 6
99 7 1
99 16 2
99 91 12
99 97 6
99 98 4
100 91 6
101 91 12
101 92 6
101 94 6
101 98 2
102 92 9
102 93 6
102 96 5
103 15 1
103 87 2
103 91 11
103 92 8
103 93 5
103 100 4
103 101 3
104 73 1
104 91 11
104 92 9
104 94 3
104 95 3
104 99 4
105 91 10
105 100 2
105 101 5
106 47 1
106 91 6
106 104 5
107 91 9
107 100 3
108 92 5
108 93 4
108 96 3
108 99 5
108 107 2
109 91 11
109 92 5
109 94 6
109 96 4
109 103 2
110 52 1
110 91 8
110 92 6
110 97 4
110 103 4
110 107 5
111 91 7
111 92 3
111 93 5
111 95 4
111 96 6
112 79 1
112 92 7
112 101 2
113 91 6
113 96 6
113 99 4
113 103 5
113 108 5
113 109 5
113 112 6
114 92 6
114 93 4
114 94 4
114 106 6
114 112 3
115 49 2
115 91 7
115 92 7
115 108 2
115 109 4
115 110 2
115 111 3
116 92 4
116 104 2
116 115 3
117 71 1
117 73 2
117 91 6
117 92 6
117 96 3
117 107 6
117 114 3
117 116 6
118 91 8
118 96 2
118 108 5
118 109 5
118 115 6
119 91 9
119 92 4
119 95 2
119 100 4
119 104 5
119 113 5
120 91 6
120 92 8
120 94 4
120 100 5
120 108 6
120 116 6
120 117 2
121 1 2
121 31 5
121 61 5
121 83 1
121 91 3
122 69 1
122 121 12
124 121 8
124 122 5
125 121 9
125 122 5
125 123 2
126 62 1
126 121 8
126 122 6
127 121 12
128 60 1
128 67 2
128 121 8
128 123 4
128 124 5
129 91 1
129 121 11
129 122 7
129 124 4
129 126 2
130 121 10
130 125 5
131 81 2
131 121 7
131 122 5
131 123 2
131 126 2
131 129 5
132 4 1
132 15 2
132 81 2
132 122 4
132 123 2
133 54 2
133 69 1
133 120 1
133 121 12
133 122 9
134 47 2
134 58 1
134 121 9
134 122 5
134 125 4
134 126 5
135 121 11
135 122 5
135 129 4
135 133 2
136 72 1
136 121 9
136 133 6
137 72 1
137 121 9
137 126 3
137 128 3
137 129 4
138 121 6
138 131 5
140 53 1
140 114 2
140 121 7
140 123 5
140 130 5
140 132 5
140 133 4
140 134 3
141 121 7
141 122 4
141 133 6
141 139 6
142 36 2
142 122 7
142 124 4
142 129 4
142 135 4
143 31 2
143 121 6
143 125 4
143 128 3
143 129 4
143 131 6
143 132 2
143 136 3
143 139 2
144 121 9
144 122 6
144 125 6
144 128 5
144 130 5
144 134 4
144 138 2
144 139 6
144 140 3
145 81 2
145 121 11
145 125 6
145 127 4
145 128 6
145 135 2
145 139 5
146 121 12
146 122 9
146 125 4
146 137 5
146 141 3
147 27 2
147 122 8
147 128 3
147 132 6
147 134 2
147 135 6
147 140 3
147 142 6
148 32 1
148 124 3
148 126 4
148 128 3
148 131 5
148 137 5
149 60 2
149 121 7
149 123 4
149 126 6
149 127 4
149 134 5
149 135 6
149 137 6
149 138 2
149 143 6
150 121 10
150 122 6
150 123 2
150 124 6
150 125 2
150 130 2
150 145 4
150 147 6
150 149 5
