%%MatrixMarket matrix coordinate integer general
50 50 209
2 1 11
3 1 9
3 2 9
4 1 10
4 2 9
4 3 11
5 2 10
5 3 11
5 4 8
6 1 12
6 2 7
6 4 8
6 5 11
7 2 11
7 4 12
7 5 11
7 6 9
8 1 7
8 2 11
8 4 7
8 5 9
8 6 10
8 7 11
9 1 11
9 2 7
9 3 8
9 4 7
9 5 10
9 6 8
9 8 8
10 2 8
10 3 10
10 4 10
10 6 8
10 7 11
10 8 8
10 9 9
12 5 5
12 11 4
13 4 4
13 5 5
13 10 5
13 12 4
14 2 4
14 5 4
14 10 3
14 11 2
15 8 2
15 9 3
15 10 2
15 11 5
16 1 3
16 3 2
16 5 2
16 11 2
17 6 2
17 8 3
17 9 4
17 13 5
17 14 5
17 16 2
18 5 6
18 8 5
18 9 2
18 12 2
18 13 5
19 4 6
19 9 2
19 11 5
19 14 4
19 17 2
20 2 3
20 13 4
20 14 4
20 18 3
20 19 5
21 7 5
21 9 6
21 12 4
21 13 2
21 14 5
21 18 4
22 7 6
22 11 5
22 13 4
22 14 2
22 21 5
23 1 2
23 13 5
23 18 4
24 11 5
24 12 4
25 4 6
25 7 5
25 13 3
25 16 5
25 18 2
25 19 4
25 20 2
26 3 5
27 3 2
27 8 3
27 26 2
28 10 6
29 8 5
29 28 2
30 2 5
30 7 4
30 10 5
30 26 4
31 7 4
31 8 2
31 29 5
31 30 5
32 9 2
32 10 3
32 27 3
32 29 5
32 31 2
33 27 4
33 31 4
34 5 4
34 28 2
34 31 4
35 3 6
35 7 2
35 8 2
35 31 4
35 33 4
35 34 5
36 10 5
36 29 2
36 33 4
36 34 5
36 35 4
37 7 4
37 36 3
38 28 5
38 33 3
38 34 4
38 35 4
38 37 2
39 17 1
39 24 2
39 26 5
39 27 3
39 33 4
39 35 2
39 38 3
40 3 2
40 6 4
40 7 2
40 26 3
40 27 3
40 29 3
40 33 4
40 37 3
40 38 2
41 20 1
41 35 1
42 24 1
42 41 3
43 11 3
43 22 3
43 27 4
43 42 5
44 13 1
44 18 3
44 30 3
44 42 3
45 11 2
45 20 3
45 32 1
45 41 5
45 42 2
46 12 4
46 26 1
46 42 3
47 15 1
47 25 1
47 28 3
47 42 3
47 43 5
47 44 6
47 45 6
48 12 1
48 16 1
48 27 3
48 39 4
48 42 6
48 43 3
49 33 1
49 36 4
49 41 4
49 45 2
49 46 3
49 47 6
49 48 6
50 11 2
50 12 1
50 17 1
50 24 3
50 26 2
50 35 4
50 42 3
50 43 6
50 45 2
50 46 6
50 48 5
