%%MatrixMarket matrix coordinate integer general
50 50 169
2 1 8
3 1 5
3 2 7
4 2 8
5 1 6
5 3 6
5 4 10
6 3 5
6 4 9
7 2 6
7 4 8
7 6 8
8 1 9
8 2 6
8 3 10
9 2 5
9 5 5
10 3 10
10 5 5
10 6 6
10 7 8
11 1 8
11 3 5
11 4 5
11 5 8
11 7 9
12 1 9
12 2 9
12 4 10
12 7 7
12 8 9
12 10 10
12 11 7
14 6 3
15 13 9
16 13 7
16 14 6
16 15 5
17 2 1
17 13 9
17 14 9
18 13 5
18 14 9
18 17 10
19 6 2
19 10 1
19 15 9
19 17 7
19 18 7
20 4 2
20 13 10
20 15 7
20 16 7
20 17 10
20 19 7
21 13 5
21 17 9
21 20 10
22 13 9
22 14 9
22 16 6
22 17 10
22 19 6
23 13 7
23 14 7
23 17 10
23 18 7
23 19 7
23 22 9
24 16 9
24 18 10
24 20 10
24 21 7
24 22 9
25 12 2
25 15 10
25 20 8
25 21 7
25 24 6
26 12 3
27 26 7
28 26 5
30 26 7
30 28 7
30 29 9
31 28 10
31 29 10
32 29 10
32 31 9
33 27 8
33 28 10
33 29 9
33 31 7
33 32 9
34 15 2
34 28 7
34 31 6
34 33 7
35 6 1
35 26 7
35 28 9
35 32 9
35 33 8
35 34 10
36 26 10
36 28 9
36 29 10
36 31 6
36 33 7
36 34 10
37 32 9
37 35 6
39 13 1
39 32 1
39 38 5
40 38 6
41 1 2
41 38 6
41 39 9
41 40 7
42 16 3
42 23 1
42 38 9
42 41 10
43 9 3
43 22 3
43 40 10
43 42 9
44 6 1
44 15 1
44 39 9
45 17 3
45 39 6
45 41 8
45 42 6
45 43 6
46 4 3
46 31 3
46 38 10
46 42 5
46 43 8
46 44 10
46 45 9
47 40 7
47 42 9
47 43 8
47 46 9
48 11 1
48 39 5
48 40 7
48 43 10
48 46 9
48 47 8
49 3 3
49 8 2
49 30 3
49 38 10
49 39 6
49 40 8
49 43 9
49 45 7
49 47 5
50 32 1
50 38 8
50 40 6
50 41 5
50 43 5
50 44 7
50 48 9
