%%MatrixMarket matrix coordinate integer general
34 34 78
1 2 1
1 3 1
1 4 1
1 5 1
1 6 1
1 7 1
1 8 1
1 9 1
1 11 1
1 12 1
1 13 1
1 14 1
1 16 1
1 17 1
1 18 1
1 27 1
2 3 1
2 4 1
2 8 1
2 14 1
2 16 1
2 17 1
2 18 1
2 26 1
3 4 1
3 8 1
3 9 1
3 10 1
3 14 1
3 22 1
3 23 1
3 28 1
4 8 1
4 13 1
4 14 1
5 7 1
5 11 1
6 7 1
6 11 1
6 15 1
7 15 1
9 26 1
9 28 1
9 34 1
10 34 1
14 34 1
17 34 1
19 20 1
19 22 1
19 24 1
19 28 1
19 34 1
20 21 1
20 27 1
21 22 1
21 27 1
22 34 1
23 27 1
23 34 1
24 25 1
24 28 1
24 34 1
25 34 1
26 28 1
26 34 1
27 28 1
27 34 1
28 29 1
28 30 1
28 31 1
28 32 1
28 33 1
28 34 1
29 34 1
30 34 1
31 34 1
32 34 1
33 34 1
