5
2
2
2
5
5
10
5
5
5
13
5
5
13
13
5
5
5
5
5
3
2
2
2
2
10
10
10
10
3
3
10
10
10
10
10
10
5
5
13
5
13
5
5
5
13
13
13
13
5
2
10
10
10
10
10
10
3
3
13
13
13
13
13
13
13
17
2
13
13
5
5
5
5
5
5
5
5
13
13
2
2
2
2
3
3
10
10
10
10
10
10
10
3
3
10
10
10
10
10
3
10
10
10
10
10
17
13
13
10
10
13
13
2
2
2
2
2
2
2
2
2
2
2
2
10
10
2
2
2
2
2
2
10
10
17
17
13
13
10
10
10
10
13
17
5
5
10
10
10
17
17
17
13
13
10
13
13
13
17
13
10
10
2
2
5
2
2
2
5
13
13
5
5
2
2
2
2
2
5
2
2
2
2
2
2
2
2
2
2
2
2
2
2
2
2
2
2
2
2
2
2
2
3
13
10
2
10
2
2
2
2
2
2
2
2
2
2
5
5
2
2
2
2
2
2
2
2
2
2
2
2
2
2
2
3
10
10
10
3
3
10
10
10
10
10
10
3
10
10
3
10
10
10
10
10
10
10
13
13
13
13
13
10
3
10
10
10
10
3
3
10
10
10
10
10
10
18
19
20
21
22
23
24
25
9
11
12
14
15
16
0
1
4
6
7
8
