0
0
0
0
0
1
1
1
3
3
3
3
0
0
0
0
7
7
0
0
6
6
6
6
5
5
5
5
7
6
6
6
6
6
6
6
7
7
8
8
9
9
9
0
0
0
0
10
10
11
11
11
11
6
6
12
12
7
7
7
0
1
1
1
1
12
3
3
3
3
3
3
3
10
3
11
6
6
6
3
3
14
14
14
14
14
14
14
14
15
15
15
16
16
16
16
16
16
16
12
12
12
12
5
5
14
5
5
6
12
12
15
15
15
15
11
11
3
3
3
3
3
3
5
5
17
17
17
17
15
15
15
15
15
15
15
1
1
4
4
16
12
12
12
12
0
0
0
18
18
18
0
0
0
5
5
5
5
12
11
11
11
11
0
0
0
11
11
11
11
15
15
8
8
8
0
0
16
16
16
10
10
10
2
2
2
2
15
15
1
1
1
1
12
12
12
5
5
7
7
7
7
7
7
11
4
4
0
3
3
3
3
3
3
3
6
6
6
6
6
6
3
3
3
3
10
6
6
4
4
8
6
6
5
8
8
8
8
8
8
9
9
9
9
7
8
8
3
0
0
5
7
7
7
5
5
8
7
15
14
7
14
14
1
1
11
11
6
18
18
18
18
5
0
9
9
9
0
0
12
12
8
5
5
3
16
6
6
11
11
11
11
18
18
5
5
5
7
1
1
1
1
3
7
7
5
11
11
2
2
12
15
0
0
5
5
5
11
11
11
11
11
0
0
15
8
17
3
3
17
13
13
13
13
13
11
11
16
16
17
17
1
1
1
1
1
15
3
3
3
3
15
15
15
15
15
7
7
7
12
12
16
3
11
7
13
13
13
6
6
0
5
0
0
4
4
4
3
3
