0
2
0
0
2
3
2
4
4
4
4
3
5
6
3
3
7
8
9
10
4
3
4
11
3
3
3
3
12
3
3
12
12
13
14
3
15
3
3
3
4
16
4
3
11
11
11
11
11
3
0
0
0
11
11
4
2
4
4
4
4
4
3
5
6
3
3
7
8
9
10
3
4
11
3
3
3
3
12
3
3
12
12
13
14
3
15
3
3
3
4
16
4
3
3
11
2
0
4
0
0
17
14
12
18
19
14
12
20
17
14
12
18
19
14
12
20
21
22
11
11
23
24
5
6
11
11
7
8
9
10
4
25
26
2
2
2
2
2
2
2
2
2
2
2
2
2
2
2
2
2
2
2
2
2
2
2
2
2
2
2
2
2
2
2
2
2
2
2
2
2
2
2
2
2
2
0
20
4
27
4
2
4
24
5
6
11
11
7
8
9
10
3
14
3
3
3
0
11
24
5
6
11
11
7
8
9
10
24
5
6
11
11
7
8
9
10
28
29
30
2
2
31
4
2
3
11
32
2
2
2
2
2
2
2
2
2
2
0
11
11
7
8
9
10
3
14
3
3
3
11
3
7
10
3
14
3
3
3
1
